C:\Documents and Settings\RaDeCC user 1\Desktop\ICY-LAB\Stds\fish-blank-170808.txt
Start Time 08/08/2017  10:16:29
Runtime  CPM219   Cnt219   CPM220   Cnt220   CPMTot   CntTot
0009.98  000.000  0000000  000.000  0000000  000.601  0000006
0019.98  000.000  0000000  000.000  0000000  000.350  0000001
0029.98  000.000  0000000  000.000  0000000  000.400  0000005
0039.98  000.000  0000000  000.000  0000000  000.425  0000005
0049.98  000.000  0000000  000.000  0000000  000.420  0000004
0059.98  000.000  0000000  000.000  0000000  000.400  0000003
0069.98  000.000  0000000  000.000  0000000  000.386  0000003
0079.98  000.000  0000000  000.000  0000000  000.388  0000004
0089.98  000.000  0000000  000.000  0000000  000.456  0000010
0099.98  000.000  0000000  000.000  0000000  000.480  0000007
0109.98  000.000  0000000  000.000  0000000  000.491  0000006
0119.98  000.000  0000000  000.000  0000000  000.483  0000004
0129.98  000.000  0000000  000.000  0000000  000.462  0000002
0139.98  000.000  0000000  000.000  0000000  000.479  0000007
0149.98  000.000  0000000  000.000  0000000  000.507  0000009
0159.98  000.000  0000000  000.000  0000000  000.506  0000005
0169.98  000.000  0000000  000.006  0000001  000.506  0000005
0179.98  000.000  0000000  000.006  0000000  000.506  0000005
0189.98  000.000  0000000  000.005  0000000  000.500  0000004
0199.98  000.000  0000000  000.005  0000000  000.530  0000011
0209.98  000.000  0000000  000.005  0000000  000.514  0000002
0219.98  000.000  0000000  000.005  0000000  000.518  0000006
Group 1 Stopped 08/08/2017  13:58:05
 
Count Summary
C:\RaDeCC\Data\RaDeCC.sum
Runtime  CPM219   Cnt219  CPM220   Cnt220  CPMTot   CntTot
0221.60  000.000  000000  000.005  000001  000.519  000115
System Number 1
(219:Delay= 0.01 Window= 5.6)(220:Delay= 5.61 Window= 600)
Eff Last Updated  15Jan13  219= Uset  220= Uset  Tot= Uset

