C:\Documents and Settings\RaDeCC user 1\Desktop\ICY-LAB\dino-stdTh-170708-dino.txt
Start Time 08/07/2017  15:22:55
Runtime  CPM219   Cnt219   CPM220   Cnt220   CPMTot   CntTot
0010.00  001.600  0000016  000.400  0000004  004.700  0000047
0020.00  001.550  0000015  000.500  0000006  004.950  0000052
0030.00  001.533  0000015  000.400  0000002  004.633  0000040
0040.00  001.625  0000019  000.350  0000002  004.850  0000055
0050.00  001.600  0000015  000.280  0000000  004.720  0000042
0060.00  001.667  0000020  000.317  0000005  004.900  0000058
0070.00  001.771  0000024  000.371  0000007  005.214  0000071
0080.00  001.763  0000017  000.388  0000005  005.238  0000054
0090.00  001.733  0000015  000.378  0000003  005.278  0000056
0100.00  001.760  0000020  000.400  0000006  005.460  0000071
0110.00  001.718  0000013  000.400  0000004  005.391  0000047
0120.00  001.667  0000011  000.400  0000004  005.367  0000051
0130.00  001.677  0000018  000.454  0000011  005.500  0000071
0140.00  013.814  0001716  012.850  0001740  017.950  0001798
0150.00  013.040  0000022  012.033  0000006  017.220  0000070
0160.00  012.306  0000013  011.306  0000004  016.500  0000057
0170.00  011.665  0000014  010.659  0000003  015.847  0000054
0180.00  011.078  0000011  010.117  0000009  015.283  0000057
0190.00  010.553  0000011  009.589  0000001  014.700  0000042
0200.00  010.130  0000021  009.120  0000002  014.265  0000060
Group 2 Stopped 08/07/2017  18:45:50
 
Count Summary
C:\RaDeCC\Data\RaDeCC.sum
Runtime  CPM219   Cnt219  CPM220   Cnt220  CPMTot   CntTot
0202.92  009.999  002029  009.018  001830  014.173  002876
System Number 2
(219:Delay= 0.01 Window= 5.6)(220:Delay= 5.61 Window= 600)
Eff Last Updated  15Jan13  219= Uset  220= Uset  Tot= Uset

