C:\Program Files\RaDeCC\Data\ICY-LAB\Th2-green-170706
Start Time 7/7/2017  01:41:26
Runtime  CPM219   Cnt219   CPM220   Cnt220   CPMTot   CntTot
0009.98  000.000  0000000  006.311  0000063  014.224  0000142
0020.00  000.050  0000001  006.050  0000058  013.550  0000129
0030.00  000.067  0000001  006.367  0000070  014.200  0000155
0040.00  000.100  0000002  006.500  0000069  014.250  0000144
0049.98  000.140  0000003  006.522  0000066  014.325  0000146
0060.00  000.167  0000003  006.550  0000067  014.450  0000151
0070.00  000.143  0000000  006.557  0000066  014.500  0000148
0080.00  000.125  0000000  006.488  0000060  014.363  0000134
0090.00  000.167  0000005  006.544  0000070  014.644  0000169
0100.00  000.200  0000005  006.610  0000072  014.860  0000168
0110.00  000.191  0000001  006.545  0000059  014.655  0000126
0120.00  000.192  0000002  006.458  0000055  014.500  0000128
0130.00  000.192  0000002  006.377  0000054  014.423  0000135
0140.00  000.186  0000001  006.343  0000059  014.450  0000148
0150.02  000.220  0000007  006.439  0000078  014.672  0000178
0160.00  000.219  0000002  006.481  0000071  014.725  0000155
0170.02  000.235  0000005  006.517  0000071  014.840  0000167
0180.02  000.233  0000002  006.472  0000057  014.821  0000145
0190.02  000.232  0000002  006.442  0000059  014.783  0000141
0200.00  000.240  0000004  006.470  0000070  014.830  0000157
0210.02  000.238  0000002  006.504  0000072  014.918  0000167
0220.02  000.241  0000003  006.518  0000068  014.931  0000152
Group 4 Stopped 7/7/2017  05:28:13

Count Summary
C:\Program Files\RaDeCC\Data\RaDeCC.sum
Runtime  CPM219   Cnt219  CPM220   Cnt220  CPMTot   CntTot
0226.78  000.234  000053  006.597  001496  015.019  003406
System Number 4
(219:Delay= 0.01 Window= 5.6)(220:Delay= 5.61 Window= 600)
Eff Last Updated  22Feb02  219= Uset  220= Uset  Tot= Uset

