C:\Documents and Settings\RaDeCC user 1\Desktop\ICY-LAB\StdTh-170706-fish.txt
Start Time 07/07/2017  08:10:09
Runtime  CPM219   Cnt219   CPM220   Cnt220   CPMTot   CntTot
0010.00  000.200  0000002  007.100  0000071  014.800  0000148
0020.00  000.100  0000000  007.100  0000071  014.750  0000147
0030.00  000.167  0000003  007.200  0000074  015.000  0000155
0040.00  000.125  0000000  006.875  0000059  014.500  0000130
0050.00  000.140  0000002  006.680  0000059  014.320  0000136
0060.00  000.150  0000002  006.667  0000066  014.250  0000139
0070.00  000.143  0000001  006.686  0000068  014.300  0000146
0080.00  000.163  0000003  006.475  0000050  013.950  0000115
0090.00  000.156  0000001  006.333  0000052  013.778  0000124
0100.00  000.170  0000003  006.260  0000056  013.610  0000121
0110.00  000.191  0000004  006.400  0000078  013.873  0000165
0120.00  000.175  0000000  006.408  0000065  013.908  0000143
0130.00  000.185  0000003  006.431  0000067  013.962  0000146
0140.00  000.200  0000004  006.336  0000051  013.914  0000133
0150.00  000.200  0000002  006.453  0000081  014.133  0000172
0160.00  000.188  0000000  006.469  0000067  014.125  0000140
0170.00  000.182  0000001  006.382  0000050  014.029  0000125
0180.00  000.206  0000006  006.317  0000052  013.956  0000127
0190.00  000.205  0000002  006.332  0000066  014.016  0000151
0200.00  000.220  0000005  006.335  0000064  014.045  0000146
0210.00  000.219  0000002  006.295  0000055  014.005  0000132
0220.00  000.214  0000001  006.341  0000073  014.055  0000151
0230.00  000.213  0000002  006.309  0000056  014.030  0000135
0240.00  000.213  0000002  006.296  0000060  013.992  0000131
0250.00  000.208  0000001  006.352  0000077  014.084  0000163
Group 1 Stopped 07/07/2017  12:30:00
 
Count Summary
C:\RaDeCC\Data\RaDeCC.sum
Runtime  CPM219   Cnt219  CPM220   Cnt220  CPMTot   CntTot
0259.85  000.219  000057  006.404  001664  014.185  003686
System Number 1
(219:Delay= 0.01 Window= 5.6)(220:Delay= 5.61 Window= 600)
Eff Last Updated  15Jan13  219= Uset  220= Uset  Tot= Uset

