C:\Users\RaDeCC\Desktop\FRidge\5-saps009-3800a-190812-capn.txt
Start Time 8/12/2019  18:19:53
Runtime  CPM219   Cnt219   CPM220   Cnt220   CPMTot   CntTot
0010.00  000.100  0000001  000.600  0000006  001.600  0000016
0020.02  000.050  0000000  000.550  0000005  001.499  0000014
0030.02  000.067  0000001  000.433  0000002  001.266  0000008
0040.03  000.050  0000000  000.425  0000004  001.249  0000012
0050.03  000.040  0000000  000.340  0000000  001.139  0000007
0060.05  000.050  0000001  000.333  0000003  001.116  0000010
0070.05  000.043  0000000  000.371  0000006  001.213  0000018
0080.07  000.037  0000000  000.362  0000003  001.174  0000009
0090.08  000.044  0000001  000.366  0000004  001.265  0000020
0100.08  000.040  0000000  000.340  0000001  001.249  0000011
0110.10  000.036  0000000  000.345  0000004  001.281  0000016
0120.12  000.033  0000000  000.350  0000004  001.340  0000020
0130.12  000.031  0000000  000.330  0000001  001.291  0000007
0140.13  000.029  0000000  000.335  0000004  001.327  0000018
0150.13  000.027  0000000  000.326  0000002  001.365  0000019
0160.15  000.031  0000001  000.318  0000002  001.417  0000022
0170.15  000.035  0000001  000.306  0000001  001.434  0000017
0180.17  000.033  0000000  000.311  0000004  001.521  0000030
0190.18  000.032  0000000  000.315  0000004  001.562  0000023
0200.18  000.035  0000001  000.305  0000001  001.564  0000016
0210.20  000.038  0000001  000.300  0000002  001.579  0000019
0220.22  000.045  0000002  000.295  0000002  001.612  0000023
0230.22  000.043  0000000  000.282  0000000  001.633  0000021
0240.23  000.042  0000000  000.279  0000002  001.657  0000022
0250.25  000.040  0000000  000.280  0000003  001.690  0000025
0260.25  000.038  0000000  000.280  0000003  001.718  0000024
0270.25  000.037  0000000  000.274  0000001  001.761  0000029
0280.27  000.036  0000000  000.275  0000003  001.795  0000027
0290.28  000.034  0000000  000.279  0000004  001.812  0000023
0300.28  000.033  0000000  000.286  0000005  001.838  0000026
0310.30  000.035  0000001  000.290  0000004  001.872  0000029
0320.32  000.034  0000000  000.290  0000003  001.920  0000034
0330.32  000.033  0000000  000.291  0000003  001.965  0000034
0340.33  000.035  0000001  000.291  0000003  002.004  0000033
0350.35  000.034  0000000  000.294  0000004  002.061  0000040
0360.35  000.033  0000000  000.300  0000005  002.095  0000033
0370.35  000.032  0000000  000.305  0000005  002.128  0000033
0380.37  000.034  0000001  000.308  0000004  002.177  0000040
0390.38  000.036  0000001  000.310  0000004  002.229  0000042
0400.38  000.035  0000000  000.312  0000004  002.260  0000035
0410.40  000.034  0000000  000.309  0000002  002.288  0000034
0420.42  000.033  0000000  000.304  0000001  002.317  0000035
0430.42  000.033  0000000  000.304  0000003  002.344  0000035
0440.43  000.032  0000000  000.307  0000004  002.414  0000054
0450.45  000.031  0000000  000.304  0000002  002.431  0000032
0460.45  000.030  0000000  000.313  0000007  002.491  0000052
0470.45  000.032  0000001  000.312  0000003  002.532  0000044
0480.47  000.031  0000000  000.308  0000001  002.570  0000044
0490.48  000.031  0000000  000.314  0000006  002.616  0000048
0500.48  000.030  0000000  000.318  0000005  002.645  0000041
0510.50  000.031  0000001  000.327  0000008  002.705  0000057
0520.52  000.031  0000000  000.330  0000005  002.718  0000034
0530.52  000.030  0000000  000.332  0000004  002.763  0000051
0540.53  000.031  0000001  000.331  0000003  002.819  0000058
0550.55  000.033  0000001  000.334  0000005  002.861  0000051
0560.55  000.032  0000000  000.337  0000005  002.885  0000042
0570.55  000.032  0000000  000.347  0000009  002.932  0000056
0580.58  000.031  0000000  000.350  0000005  002.983  0000059
0590.58  000.032  0000001  000.352  0000005  003.026  0000055
0600.58  000.032  0000000  000.348  0000001  003.044  0000041
0610.60  000.031  0000000  000.350  0000005  003.059  0000040
0620.62  000.031  0000000  000.348  0000002  003.090  0000050
0630.62  000.030  0000000  000.352  0000006  003.137  0000060
0640.63  000.030  0000000  000.351  0000003  003.180  0000059
0650.65  000.031  0000001  000.353  0000005  003.214  0000054
0660.65  000.030  0000000  000.357  0000006  003.239  0000049
0670.65  000.030  0000000  000.365  0000009  003.304  0000076
0680.68  000.029  0000000  000.363  0000002  003.325  0000047
0690.68  000.029  0000000  000.371  0000009  003.375  0000068
0700.68  000.030  0000001  000.370  0000003  003.408  0000057
0710.70  000.030  0000000  000.369  0000003  003.422  0000044
0720.72  000.031  0000001  000.373  0000007  003.449  0000054
0730.72  000.030  0000000  000.375  0000005  003.472  0000051
0740.73  000.030  0000000  000.377  0000005  003.497  0000053
0750.75  000.029  0000000  000.385  0000010  003.522  0000054
0760.75  000.029  0000000  000.389  0000007  003.557  0000062
0770.75  000.029  0000000  000.393  0000007  003.582  0000055
0780.78  000.028  0000000  000.403  0000012  003.626  0000070
0790.78  000.028  0000000  000.406  0000006  003.648  0000054
0800.78  000.027  0000000  000.415  0000011  003.693  0000072
0810.82  000.027  0000000  000.419  0000008  003.732  0000069
0820.82  000.027  0000000  000.428  0000011  003.788  0000083
0830.82  000.026  0000000  000.433  0000009  003.836  0000078
0840.83  000.026  0000000  000.438  0000008  003.868  0000065
0850.85  000.026  0000000  000.434  0000001  003.874  0000044
0860.85  000.026  0000000  000.436  0000006  003.909  0000069
0870.85  000.025  0000000  000.439  0000007  003.935  0000062
0880.88  000.025  0000000  000.445  0000010  003.971  0000071
0890.88  000.025  0000000  000.455  0000013  004.020  0000083
0900.88  000.026  0000001  000.458  0000008  004.054  0000071
0910.92  000.025  0000000  000.462  0000008  004.083  0000067
0920.92  000.025  0000000  000.463  0000005  004.099  0000056
Group 4 Stopped 8/13/2019  09:47:58
 
Count Summary
C:\RaDeCC\Data\RaDeCC.sum
Runtime  CPM219   Cnt219  CPM220   Cnt220  CPMTot   CntTot
0928.08  000.025  000023  000.463  000430  004.126  003829
System Number 4
(219:Delay= 0.01 Window= 5.6)(220:Delay= 5.61 Window= 600)
Eff Last Updated  15Jan13  219= Uset  220= Uset  Tot= Uset

