C:\Program Files\RaDeCC\Data\ICY-LAB\Ac-green-170707
Start Time 7/7/2017  05:44:05
Runtime  CPM219   Cnt219   CPM220   Cnt220   CPMTot   CntTot
0010.00  001.000  0000010  000.300  0000003  005.000  0000050
0020.00  001.250  0000015  000.350  0000004  005.350  0000057
0030.00  001.333  0000015  000.600  0000011  005.633  0000062
0040.00  001.350  0000014  000.575  0000005  005.475  0000050
0050.00  001.320  0000012  000.500  0000002  005.540  0000058
0060.00  001.383  0000017  000.517  0000006  005.700  0000065
0070.00  001.371  0000013  000.486  0000003  005.714  0000058
0080.00  001.350  0000012  000.450  0000002  005.588  0000047
0090.00  001.422  0000020  000.411  0000001  005.656  0000062
0100.00  001.430  0000015  000.420  0000005  005.790  0000070
0110.00  001.464  0000018  000.445  0000007  005.927  0000073
0120.00  001.450  0000013  000.458  0000006  005.917  0000058
0130.00  001.415  0000010  000.477  0000007  005.946  0000063
0140.00  001.443  0000018  000.471  0000004  005.979  0000064
0150.00  001.473  0000019  000.493  0000008  006.080  0000075
0160.00  001.481  0000016  000.494  0000005  006.175  0000076
0169.98  001.459  0000011  000.512  0000008  006.148  0000057
0179.98  001.439  0000011  000.506  0000004  006.095  0000052
0189.98  001.495  0000025  000.516  0000007  006.285  0000097
0199.98  001.495  0000015  000.525  0000007  006.326  0000071
0209.98  001.533  0000023  000.524  0000005  006.429  0000085
0219.98  001.541  0000017  000.541  0000009  006.505  0000081
0229.98  001.548  0000017  000.522  0000001  006.518  0000068
0239.98  001.592  0000026  000.538  0000009  006.630  0000092
0249.98  001.592  0000016  000.536  0000005  006.672  0000077
Group 4 Stopped 7/7/2017  09:59:50

Count Summary
C:\Program Files\RaDeCC\Data\RaDeCC.sum
Runtime  CPM219   Cnt219  CPM220   Cnt220  CPMTot   CntTot
0255.75  001.623  000415  000.547  000140  006.745  001725
System Number 4
(219:Delay= 0.01 Window= 5.6)(220:Delay= 5.61 Window= 600)
Eff Last Updated  22Feb02  219= Uset  220= Uset  Tot= Uset

