C:\Documents and Settings\RaDeCC user 1\Desktop\ICY-LAB\Stds\fish-StdAc-170821-fish.txt
Start Time 21/08/2017  13:52:33
Runtime  CPM219   Cnt219   CPM220   Cnt220   CPMTot   CntTot
0009.98  001.302  0000013  000.601  0000006  004.107  0000041
0019.98  001.451  0000016  000.450  0000003  004.454  0000048
0030.00  001.600  0000019  000.433  0000004  004.867  0000057
0040.00  001.700  0000020  000.525  0000008  005.300  0000066
0050.00  001.720  0000018  000.560  0000007  005.280  0000052
0060.00  001.750  0000019  000.533  0000004  005.333  0000056
0070.00  001.729  0000016  000.557  0000007  005.357  0000055
0080.00  001.813  0000024  000.600  0000009  005.688  0000080
0090.00  001.944  0000030  000.656  0000011  005.944  0000080
0100.00  001.910  0000016  000.630  0000004  005.970  0000062
0110.00  001.909  0000019  000.655  0000009  005.982  0000061
0120.00  001.933  0000022  000.633  0000004  006.025  0000065
0130.00  001.931  0000019  000.631  0000006  006.100  0000070
0140.00  001.929  0000019  000.614  0000004  006.150  0000068
0150.00  001.907  0000016  000.607  0000005  006.080  0000051
0160.00  001.869  0000013  000.619  0000008  006.125  0000068
0170.00  001.841  0000014  000.618  0000006  006.059  0000050
0180.00  001.867  0000023  000.611  0000005  006.167  0000080
0190.00  001.842  0000014  000.600  0000004  006.189  0000066
0200.00  001.830  0000016  000.625  0000011  006.225  0000069
0210.00  001.838  0000020  000.633  0000008  006.257  0000069
0220.00  001.827  0000016  000.623  0000004  006.205  0000051
0230.00  001.817  0000016  000.622  0000006  006.187  0000058
0240.00  001.829  0000021  000.633  0000009  006.263  0000080
0250.00  001.864  0000027  000.612  0000001  006.340  0000082
Group 1 Stopped 21/08/2017  18:12:20
 
Count Summary
C:\RaDeCC\Data\RaDeCC.sum
Runtime  CPM219   Cnt219  CPM220   Cnt220  CPMTot   CntTot
0259.78  001.867  000485  000.601  000156  006.378  001657
System Number 1
(219:Delay= 0.01 Window= 5.6)(220:Delay= 5.61 Window= 600)
Eff Last Updated  15Jan13  219= Uset  220= Uset  Tot= Uset

