C:\Documents and Settings\RaDeCC user 1\Desktop\ICY-LAB\StdAc-170706-fish.txt
Start Time 06/07/2017  18:30:00
Runtime  CPM219   Cnt219   CPM220   Cnt220   CPMTot   CntTot
0010.00  001.700  0000017  000.200  0000002  004.500  0000045
0020.00  001.550  0000014  000.100  0000000  003.900  0000033
0030.00  001.333  0000009  000.167  0000003  003.933  0000040
0040.00  001.375  0000015  000.175  0000002  003.975  0000041
0050.00  001.480  0000019  000.280  0000007  004.520  0000067
0060.00  001.483  0000015  000.267  0000002  004.583  0000049
0070.00  001.514  0000017  000.300  0000005  004.714  0000055
0080.00  001.525  0000016  000.338  0000006  004.763  0000051
0090.00  001.444  0000008  000.333  0000003  004.556  0000029
0100.00  001.520  0000022  000.360  0000006  004.740  0000064
0110.00  001.591  0000023  000.373  0000005  004.891  0000064
0120.00  001.558  0000012  000.375  0000004  004.942  0000055
0130.00  001.531  0000012  000.354  0000001  004.915  0000046
0140.00  001.586  0000023  000.343  0000002  004.986  0000059
0150.00  001.567  0000013  000.333  0000002  004.980  0000049
0160.00  001.525  0000009  000.344  0000005  004.969  0000048
0170.00  001.482  0000008  000.347  0000004  004.847  0000029
0180.00  001.478  0000014  000.361  0000006  004.894  0000057
0190.00  001.468  0000013  000.363  0000004  004.900  0000050
0200.00  001.500  0000021  000.370  0000005  004.995  0000068
0210.00  001.481  0000011  000.371  0000004  005.005  0000052
Group 1 Stopped 06/07/2017  22:01:19
 
Count Summary
C:\RaDeCC\Data\RaDeCC.sum
Runtime  CPM219   Cnt219  CPM220   Cnt220  CPMTot   CntTot
0211.32  001.481  000313  000.369  000078  005.007  001058
System Number 1
(219:Delay= 0.01 Window= 5.6)(220:Delay= 5.61 Window= 600)
Eff Last Updated  15Jan13  219= Uset  220= Uset  Tot= Uset

