C:\Documents and Settings\RaDeCC user 1\Desktop\ICY-LAB\Stds\dino-stdAc-170806-dino.txt
Start Time 06/08/2017  15:54:00
Runtime  CPM219   Cnt219   CPM220   Cnt220   CPMTot   CntTot
0010.00  001.500  0000015  000.500  0000005  005.200  0000052
0020.00  001.600  0000017  000.550  0000006  005.400  0000056
0030.00  001.933  0000026  000.367  0000000  005.733  0000064
0040.00  001.875  0000017  000.375  0000004  005.675  0000055
0050.00  001.680  0000009  000.340  0000002  005.280  0000037
0060.00  001.750  0000021  000.283  0000000  005.500  0000066
0070.00  001.729  0000016  000.271  0000002  005.457  0000052
0079.98  001.900  0000031  000.300  0000005  005.826  0000084
0089.98  001.856  0000015  000.367  0000009  006.012  0000075
0100.00  001.850  0000018  000.400  0000007  006.040  0000063
0110.00  001.909  0000025  000.418  0000006  006.255  0000084
0120.00  001.892  0000017  000.433  0000006  006.250  0000062
0130.00  001.892  0000019  000.431  0000004  006.292  0000068
0140.00  001.850  0000013  000.443  0000006  006.243  0000056
0150.00  001.867  0000021  000.433  0000003  006.340  0000077
0160.00  001.894  0000023  000.488  0000013  006.519  0000092
0170.00  001.918  0000023  000.512  0000009  006.606  0000080
0180.00  001.889  0000014  000.506  0000004  006.561  0000058
0190.00  001.911  0000023  000.511  0000006  006.637  0000080
0200.00  001.900  0000017  000.520  0000007  006.680  0000075
0210.00  001.871  0000013  000.514  0000004  006.610  0000052
0220.00  001.855  0000015  000.514  0000005  006.595  0000063
0230.00  001.839  0000015  000.535  0000010  006.609  0000069
0240.00  001.821  0000014  000.529  0000004  006.567  0000056
0250.00  001.816  0000017  000.532  0000006  006.572  0000067
0260.00  001.835  0000023  000.535  0000006  006.612  0000076
0270.00  001.870  0000028  000.548  0000009  006.707  0000092
0280.00  001.896  0000026  000.546  0000005  006.761  0000082
0290.00  001.886  0000016  000.534  0000002  006.710  0000053
Group 2 Stopped 06/08/2017  20:53:36
 
Count Summary
C:\RaDeCC\Data\RaDeCC.sum
Runtime  CPM219   Cnt219  CPM220   Cnt220  CPMTot   CntTot
0299.60  001.872  000561  000.521  000156  006.666  001997
System Number 2
(219:Delay= 0.01 Window= 5.6)(220:Delay= 5.61 Window= 600)
Eff Last Updated  15Jan13  219= Uset  220= Uset  Tot= Uset

