C:\Users\RaDeCC\Desktop\FRidge\5-saps009-3800b-190811-capn.txt
Start Time 8/11/2019  15:24:26
Runtime  CPM219   Cnt219   CPM220   Cnt220   CPMTot   CntTot
0000.98  000.000  0000000  000.000  0000000  000.000  0000000
0002.00  000.000  0000000  000.000  0000000  000.000  0000000
0003.00  000.000  0000000  000.000  0000000  000.000  0000000
0004.00  000.000  0000000  000.000  0000000  000.250  0000001
0004.98  000.000  0000000  000.000  0000000  000.201  0000000
0006.00  000.000  0000000  000.000  0000000  000.167  0000000
0007.00  000.000  0000000  000.000  0000000  000.286  0000001
0008.00  000.000  0000000  000.000  0000000  000.250  0000000
0009.00  000.000  0000000  000.000  0000000  000.333  0000001
0010.02  000.000  0000000  000.000  0000000  000.300  0000000
0011.00  000.000  0000000  000.000  0000000  000.273  0000000
0012.00  000.000  0000000  000.000  0000000  000.417  0000002
0013.00  000.000  0000000  000.000  0000000  000.385  0000000
0014.00  000.000  0000000  000.000  0000000  000.357  0000000
0015.02  000.000  0000000  000.067  0000001  000.533  0000003
0016.02  000.000  0000000  000.062  0000000  000.562  0000001
0017.00  000.000  0000000  000.118  0000001  000.706  0000003
0018.00  000.000  0000000  000.167  0000001  000.722  0000001
0019.02  000.000  0000000  000.158  0000000  000.684  0000000
0020.02  000.000  0000000  000.150  0000000  000.649  0000000
0021.02  000.000  0000000  000.143  0000000  000.619  0000000
0022.02  000.000  0000000  000.136  0000000  000.636  0000001
0023.02  000.000  0000000  000.130  0000000  000.695  0000002
0024.02  000.000  0000000  000.125  0000000  000.666  0000000
0025.02  000.000  0000000  000.120  0000000  000.640  0000000
0026.02  000.000  0000000  000.115  0000000  000.615  0000000
0027.02  000.000  0000000  000.148  0000001  000.703  0000003
0028.03  000.000  0000000  000.178  0000001  000.785  0000003
0029.02  000.000  0000000  000.172  0000000  000.793  0000001
0030.02  000.000  0000000  000.167  0000000  000.766  0000000
0031.02  000.000  0000000  000.193  0000001  000.806  0000002
0032.03  000.000  0000000  000.219  0000001  000.874  0000003
0033.03  000.000  0000000  000.242  0000001  000.908  0000002
0034.03  000.000  0000000  000.235  0000000  000.940  0000002
0035.02  000.000  0000000  000.228  0000000  000.942  0000001
0036.03  000.000  0000000  000.250  0000001  000.999  0000003
0037.03  000.000  0000000  000.243  0000000  000.972  0000000
0038.03  000.000  0000000  000.237  0000000  001.025  0000003
0039.03  000.000  0000000  000.231  0000000  001.050  0000002
0040.03  000.000  0000000  000.225  0000000  001.024  0000000
0041.03  000.000  0000000  000.219  0000000  001.024  0000001
0042.03  000.000  0000000  000.214  0000000  000.999  0000000
0043.03  000.000  0000000  000.209  0000000  000.976  0000000
0044.03  000.000  0000000  000.204  0000000  000.954  0000000
0045.05  000.000  0000000  000.200  0000000  000.932  0000000
0046.05  000.000  0000000  000.195  0000000  000.912  0000000
0047.03  000.000  0000000  000.213  0000001  000.936  0000002
0048.03  000.000  0000000  000.208  0000000  000.916  0000000
0049.05  000.000  0000000  000.204  0000000  000.897  0000000
0050.05  000.000  0000000  000.220  0000001  000.939  0000003
0051.05  000.000  0000000  000.235  0000001  000.960  0000002
0052.03  000.000  0000000  000.231  0000000  000.942  0000000
0053.03  000.000  0000000  000.226  0000000  000.943  0000001
0054.05  000.000  0000000  000.222  0000000  000.962  0000002
0055.05  000.000  0000000  000.218  0000000  000.945  0000000
0056.05  000.000  0000000  000.214  0000000  000.928  0000000
0057.05  000.000  0000000  000.210  0000000  000.911  0000000
0058.05  000.000  0000000  000.207  0000000  000.930  0000002
0059.05  000.017  0000001  000.203  0000000  000.965  0000003
0060.05  000.017  0000000  000.200  0000000  000.966  0000001
0061.05  000.016  0000000  000.197  0000000  000.950  0000000
0062.07  000.016  0000000  000.193  0000000  000.951  0000001
0063.07  000.016  0000000  000.190  0000000  000.983  0000003
0064.05  000.016  0000000  000.187  0000000  000.968  0000000
0065.05  000.015  0000000  000.184  0000000  000.953  0000000
0066.05  000.015  0000000  000.182  0000000  000.954  0000001
0067.07  000.015  0000000  000.194  0000001  000.984  0000003
0068.07  000.015  0000000  000.191  0000000  000.970  0000000
0069.07  000.014  0000000  000.188  0000000  000.956  0000000
0070.05  000.014  0000000  000.200  0000001  000.985  0000003
0071.07  000.014  0000000  000.197  0000000  000.985  0000001
0072.07  000.014  0000000  000.194  0000000  000.971  0000000
0073.07  000.014  0000000  000.192  0000000  000.999  0000003
0074.07  000.014  0000000  000.203  0000001  001.013  0000002
0075.08  000.013  0000000  000.226  0000002  001.052  0000004
0076.07  000.013  0000000  000.223  0000000  001.039  0000000
0077.07  000.013  0000000  000.221  0000000  001.025  0000000
0078.07  000.013  0000000  000.243  0000002  001.063  0000004
0079.07  000.013  0000000  000.240  0000000  001.050  0000000
0080.08  000.012  0000000  000.237  0000000  001.049  0000001
0081.08  000.012  0000000  000.234  0000000  001.061  0000002
0082.07  000.012  0000000  000.232  0000000  001.048  0000000
0083.07  000.012  0000000  000.229  0000000  001.035  0000000
0084.08  000.012  0000000  000.226  0000000  001.023  0000000
0085.08  000.012  0000000  000.223  0000000  001.034  0000002
0086.08  000.012  0000000  000.221  0000000  001.022  0000000
0087.08  000.023  0000001  000.230  0000001  001.056  0000004
0088.08  000.023  0000000  000.238  0000001  001.067  0000002
0089.08  000.022  0000000  000.247  0000001  001.111  0000005
0090.08  000.022  0000000  000.244  0000000  001.099  0000000
0091.08  000.022  0000000  000.242  0000000  001.087  0000000
0092.08  000.022  0000000  000.239  0000000  001.097  0000002
0093.10  000.021  0000000  000.236  0000000  001.085  0000000
0094.08  000.021  0000000  000.234  0000000  001.095  0000002
0095.08  000.021  0000000  000.231  0000000  001.083  0000000
0096.08  000.021  0000000  000.229  0000000  001.082  0000001
0097.10  000.021  0000000  000.227  0000000  001.081  0000001
0098.10  000.020  0000000  000.224  0000000  001.070  0000000
0099.08  000.020  0000000  000.232  0000001  001.080  0000002
0100.08  000.020  0000000  000.240  0000001  001.089  0000002
0101.10  000.020  0000000  000.237  0000000  001.078  0000000
0102.10  000.020  0000000  000.245  0000001  001.087  0000002
0103.10  000.019  0000000  000.242  0000000  001.077  0000000
0104.10  000.019  0000000  000.240  0000000  001.066  0000000
0105.08  000.019  0000000  000.238  0000000  001.056  0000000
0106.10  000.019  0000000  000.236  0000000  001.056  0000001
0107.10  000.019  0000000  000.233  0000000  001.064  0000002
0108.10  000.019  0000000  000.231  0000000  001.055  0000000
0109.10  000.018  0000000  000.229  0000000  001.045  0000000
0110.12  000.018  0000000  000.227  0000000  001.035  0000000
0111.10  000.018  0000000  000.225  0000000  001.026  0000000
0112.10  000.018  0000000  000.232  0000001  001.053  0000004
0113.10  000.018  0000000  000.230  0000000  001.061  0000002
0114.12  000.026  0000001  000.228  0000000  001.069  0000002
0115.12  000.026  0000000  000.226  0000000  001.068  0000001
0116.12  000.026  0000000  000.224  0000000  001.077  0000002
0117.10  000.026  0000000  000.222  0000000  001.067  0000000
0118.10  000.025  0000000  000.220  0000000  001.058  0000000
0119.12  000.025  0000000  000.218  0000000  001.058  0000001
0120.12  000.025  0000000  000.216  0000000  001.049  0000000
0121.12  000.033  0000001  000.231  0000002  001.098  0000007
0122.12  000.033  0000000  000.237  0000001  001.138  0000006
0123.12  000.032  0000000  000.244  0000001  001.178  0000006
0124.12  000.032  0000000  000.242  0000000  001.176  0000001
0125.12  000.032  0000000  000.240  0000000  001.175  0000001
0126.12  000.032  0000000  000.238  0000000  001.174  0000001
0127.13  000.031  0000000  000.236  0000000  001.172  0000001
0128.13  000.031  0000000  000.234  0000000  001.171  0000001
0129.12  000.031  0000000  000.248  0000002  001.193  0000004
0130.12  000.031  0000000  000.246  0000000  001.184  0000000
0131.12  000.031  0000000  000.244  0000000  001.197  0000003
0132.13  000.030  0000000  000.242  0000000  001.188  0000000
0133.13  000.030  0000000  000.248  0000001  001.209  0000004
0134.13  000.030  0000000  000.246  0000000  001.208  0000001
0135.12  000.030  0000000  000.244  0000000  001.229  0000004
0136.13  000.029  0000000  000.250  0000001  001.241  0000003
0137.13  000.029  0000000  000.255  0000001  001.247  0000002
0138.13  000.029  0000000  000.261  0000001  001.260  0000003
0139.13  000.029  0000000  000.259  0000000  001.265  0000002
0140.15  000.029  0000000  000.257  0000000  001.256  0000000
0141.13  000.028  0000000  000.255  0000000  001.247  0000000
0142.13  000.028  0000000  000.253  0000000  001.238  0000000
0143.13  000.028  0000000  000.252  0000000  001.244  0000002
0144.13  000.028  0000000  000.250  0000000  001.242  0000001
0145.15  000.028  0000000  000.248  0000000  001.240  0000001
0146.13  000.034  0000001  000.260  0000002  001.300  0000010
0147.13  000.034  0000000  000.258  0000000  001.319  0000004
0148.13  000.034  0000000  000.263  0000001  001.337  0000004
0149.15  000.034  0000000  000.261  0000000  001.348  0000003
0150.15  000.033  0000000  000.260  0000000  001.339  0000000
0151.15  000.033  0000000  000.258  0000000  001.350  0000003
0152.13  000.033  0000000  000.263  0000001  001.367  0000004
0153.15  000.033  0000000  000.261  0000000  001.378  0000003
0154.15  000.032  0000000  000.259  0000000  001.375  0000001
0155.15  000.032  0000000  000.258  0000000  001.373  0000001
0156.15  000.032  0000000  000.256  0000000  001.390  0000004
0157.15  000.032  0000000  000.267  0000002  001.425  0000007
0158.15  000.032  0000000  000.266  0000000  001.429  0000002
0159.15  000.031  0000000  000.264  0000000  001.420  0000000
0160.15  000.031  0000000  000.262  0000000  001.417  0000001
0161.15  000.031  0000000  000.267  0000001  001.433  0000004
0162.17  000.031  0000000  000.271  0000001  001.455  0000005
0163.17  000.031  0000000  000.276  0000001  001.471  0000004
0164.15  000.030  0000000  000.274  0000000  001.468  0000001
0165.15  000.030  0000000  000.272  0000000  001.459  0000000
0166.15  000.030  0000000  000.271  0000000  001.463  0000002
0167.17  000.030  0000000  000.275  0000001  001.484  0000005
0168.17  000.030  0000000  000.279  0000001  001.499  0000004
0169.17  000.030  0000000  000.278  0000000  001.501  0000002
0170.15  000.029  0000000  000.276  0000000  001.510  0000003
0171.17  000.029  0000000  000.275  0000000  001.507  0000001
0172.17  000.029  0000000  000.273  0000000  001.504  0000001
0173.17  000.029  0000000  000.271  0000000  001.501  0000001
0174.17  000.029  0000000  000.270  0000000  001.493  0000000
0175.18  000.029  0000000  000.268  0000000  001.496  0000002
0176.17  000.028  0000000  000.278  0000002  001.533  0000008
0177.17  000.028  0000000  000.282  0000001  001.547  0000004
0178.17  000.028  0000000  000.281  0000000  001.560  0000004
0179.17  000.028  0000000  000.279  0000000  001.563  0000002
0180.18  000.028  0000000  000.277  0000000  001.587  0000006
0181.18  000.028  0000000  000.276  0000000  001.590  0000002
0182.17  000.027  0000000  000.280  0000001  001.603  0000004
0183.17  000.027  0000000  000.278  0000000  001.605  0000002
0184.18  000.027  0000000  000.277  0000000  001.613  0000003
0185.18  000.027  0000000  000.275  0000000  001.615  0000002
0186.18  000.027  0000000  000.274  0000000  001.617  0000002
0187.17  000.027  0000000  000.272  0000000  001.619  0000002
0188.18  000.027  0000000  000.271  0000000  001.610  0000000
0189.18  000.026  0000000  000.275  0000001  001.633  0000006
0190.18  000.026  0000000  000.273  0000000  001.641  0000003
0191.18  000.026  0000000  000.282  0000002  001.669  0000007
0192.18  000.026  0000000  000.286  0000001  001.675  0000003
0193.18  000.026  0000000  000.290  0000001  001.682  0000003
0194.18  000.026  0000000  000.288  0000000  001.674  0000000
0195.18  000.026  0000000  000.287  0000000  001.670  0000001
0196.18  000.025  0000000  000.291  0000001  001.692  0000006
0197.20  000.025  0000000  000.289  0000000  001.689  0000001
0198.20  000.025  0000000  000.288  0000000  001.700  0000004
0199.18  000.025  0000000  000.286  0000000  001.707  0000003
0200.18  000.025  0000000  000.285  0000000  001.698  0000000
0201.20  000.025  0000000  000.288  0000001  001.705  0000003
0202.20  000.025  0000000  000.287  0000000  001.701  0000001
0203.20  000.025  0000000  000.290  0000001  001.713  0000004
0204.20  000.024  0000000  000.289  0000000  001.714  0000002
0205.18  000.024  0000000  000.288  0000000  001.720  0000003
0206.20  000.024  0000000  000.291  0000001  001.731  0000004
0207.20  000.024  0000000  000.294  0000001  001.737  0000003
0208.20  000.024  0000000  000.303  0000002  001.763  0000007
0209.20  000.024  0000000  000.301  0000000  001.754  0000000
0210.22  000.024  0000000  000.300  0000000  001.751  0000001
0211.20  000.024  0000000  000.298  0000000  001.752  0000002
0212.20  000.024  0000000  000.297  0000000  001.753  0000002
0213.20  000.023  0000000  000.295  0000000  001.745  0000000
0214.22  000.023  0000000  000.294  0000000  001.741  0000001
0215.22  000.023  0000000  000.293  0000000  001.752  0000004
0216.22  000.023  0000000  000.291  0000000  001.748  0000001
0217.20  000.023  0000000  000.295  0000001  001.750  0000002
0218.20  000.023  0000000  000.293  0000000  001.746  0000001
0219.22  000.023  0000000  000.292  0000000  001.747  0000002
0220.22  000.023  0000000  000.291  0000000  001.744  0000001
0221.22  000.023  0000000  000.289  0000000  001.745  0000002
0222.22  000.023  0000000  000.288  0000000  001.742  0000001
0223.22  000.022  0000000  000.287  0000000  001.747  0000003
0224.22  000.022  0000000  000.285  0000000  001.748  0000002
0225.22  000.022  0000000  000.284  0000000  001.754  0000003
0226.22  000.022  0000000  000.283  0000000  001.755  0000002
0227.23  000.022  0000000  000.286  0000001  001.756  0000002
0228.23  000.022  0000000  000.285  0000000  001.757  0000002
0229.22  000.022  0000000  000.284  0000000  001.754  0000001
0230.22  000.022  0000000  000.282  0000000  001.755  0000002
0231.22  000.022  0000000  000.281  0000000  001.756  0000002
0232.23  000.022  0000000  000.280  0000000  001.753  0000001
0233.23  000.021  0000000  000.279  0000000  001.762  0000004
0234.23  000.021  0000000  000.278  0000000  001.767  0000003
0235.22  000.021  0000000  000.276  0000000  001.764  0000001
0236.23  000.021  0000000  000.275  0000000  001.765  0000002
0237.23  000.021  0000000  000.278  0000001  001.775  0000004
0238.23  000.021  0000000  000.277  0000000  001.780  0000003
0239.23  000.021  0000000  000.276  0000000  001.781  0000002
0240.23  000.021  0000000  000.279  0000001  001.794  0000005
0241.23  000.021  0000000  000.278  0000000  001.795  0000002
0242.23  000.021  0000000  000.277  0000000  001.792  0000001
0243.23  000.021  0000000  000.284  0000002  001.813  0000007
0244.23  000.020  0000000  000.283  0000000  001.822  0000004
0245.25  000.020  0000000  000.281  0000000  001.819  0000001
0246.23  000.020  0000000  000.284  0000001  001.836  0000006
0247.23  000.020  0000000  000.283  0000000  001.832  0000001
0248.23  000.020  0000000  000.282  0000000  001.837  0000003
0249.25  000.020  0000000  000.281  0000000  001.846  0000004
0250.25  000.020  0000000  000.284  0000001  001.846  0000002
0251.25  000.024  0000001  000.283  0000000  001.851  0000003
0252.23  000.024  0000000  000.281  0000000  001.855  0000003
0253.25  000.024  0000000  000.280  0000000  001.856  0000002
0254.25  000.024  0000000  000.283  0000001  001.872  0000006
0255.25  000.024  0000000  000.282  0000000  001.869  0000001
0256.25  000.023  0000000  000.281  0000000  001.873  0000003
0257.25  000.023  0000000  000.280  0000000  001.874  0000002
0258.25  000.023  0000000  000.283  0000001  001.878  0000003
0259.25  000.023  0000000  000.282  0000000  001.894  0000006
0260.25  000.023  0000000  000.284  0000001  001.910  0000006
0261.25  000.023  0000000  000.283  0000000  001.914  0000003
0262.27  000.023  0000000  000.282  0000000  001.918  0000003
0263.27  000.023  0000000  000.285  0000001  001.930  0000005
0264.25  000.023  0000000  000.284  0000000  001.941  0000005
0265.25  000.023  0000000  000.283  0000000  001.942  0000002
0266.27  000.023  0000000  000.282  0000000  001.938  0000001
0267.27  000.022  0000000  000.281  0000000  001.946  0000004
0268.27  000.022  0000000  000.280  0000000  001.942  0000001
0269.27  000.026  0000001  000.279  0000000  001.950  0000004
0270.25  000.030  0000001  000.281  0000001  001.965  0000006
0271.27  000.029  0000000  000.284  0000001  001.972  0000004
0272.27  000.029  0000000  000.283  0000000  001.972  0000002
0273.27  000.029  0000000  000.282  0000000  001.972  0000002
0274.27  000.029  0000000  000.281  0000000  001.976  0000003
0275.28  000.029  0000000  000.280  0000000  001.994  0000007
0276.27  000.029  0000000  000.279  0000000  001.994  0000002
0277.27  000.029  0000000  000.278  0000000  001.998  0000003
0278.27  000.029  0000000  000.287  0000003  002.012  0000006
0279.28  000.029  0000000  000.286  0000000  002.009  0000001
0280.28  000.029  0000000  000.285  0000000  002.012  0000003
0281.28  000.028  0000000  000.284  0000000  002.005  0000000
0282.27  000.028  0000000  000.283  0000000  002.009  0000003
0283.27  000.028  0000000  000.282  0000000  002.005  0000001
0284.28  000.028  0000000  000.281  0000000  002.016  0000005
0285.28  000.028  0000000  000.284  0000001  002.023  0000004
0286.28  000.028  0000000  000.283  0000000  002.029  0000004
0287.27  000.028  0000000  000.282  0000000  002.026  0000001
0288.28  000.028  0000000  000.284  0000001  002.040  0000006
0289.28  000.028  0000000  000.283  0000000  002.040  0000002
0290.28  000.028  0000000  000.286  0000001  002.046  0000004
0291.28  000.027  0000000  000.285  0000000  002.050  0000003
0292.30  000.027  0000000  000.284  0000000  002.046  0000001
0293.28  000.027  0000000  000.283  0000000  002.053  0000004
0294.28  000.027  0000000  000.285  0000001  002.056  0000003
0295.28  000.027  0000000  000.284  0000000  002.062  0000004
0296.28  000.027  0000000  000.284  0000000  002.066  0000003
0297.30  000.027  0000000  000.286  0000001  002.075  0000005
0298.30  000.027  0000000  000.285  0000000  002.075  0000002
0299.28  000.030  0000001  000.284  0000000  002.082  0000004
0300.28  000.030  0000000  000.283  0000000  002.081  0000002
0301.30  000.030  0000000  000.282  0000000  002.078  0000001
0302.30  000.030  0000000  000.284  0000001  002.084  0000004
0303.30  000.030  0000000  000.290  0000002  002.097  0000006
0304.30  000.030  0000000  000.289  0000000  002.106  0000005
0305.30  000.029  0000000  000.292  0000001  002.109  0000003
0306.30  000.029  0000000  000.294  0000001  002.125  0000007
0307.30  000.029  0000000  000.293  0000000  002.131  0000004
0308.30  000.029  0000000  000.295  0000001  002.134  0000003
0309.30  000.029  0000000  000.294  0000000  002.131  0000001
0310.32  000.029  0000000  000.293  0000000  002.127  0000001
0311.30  000.029  0000000  000.292  0000000  002.123  0000001
0312.30  000.029  0000000  000.298  0000002  002.133  0000005
0313.30  000.029  0000000  000.297  0000000  002.129  0000001
0314.32  000.029  0000000  000.299  0000001  002.128  0000002
0315.32  000.029  0000000  000.298  0000000  002.125  0000001
0316.32  000.028  0000000  000.300  0000001  002.131  0000004
0317.30  000.028  0000000  000.303  0000001  002.134  0000003
0318.32  000.028  0000000  000.305  0000001  002.136  0000003
0319.32  000.028  0000000  000.304  0000000  002.136  0000002
0320.32  000.028  0000000  000.312  0000003  002.148  0000006
0321.32  000.028  0000000  000.311  0000000  002.147  0000002
0322.32  000.028  0000000  000.313  0000001  002.159  0000006
0323.32  000.028  0000000  000.312  0000000  002.162  0000003
0324.32  000.028  0000000  000.311  0000000  002.158  0000001
0325.32  000.028  0000000  000.310  0000000  002.161  0000003
0326.32  000.028  0000000  000.310  0000000  002.167  0000004
0327.33  000.027  0000000  000.312  0000001  002.175  0000005
0328.33  000.027  0000000  000.314  0000001  002.196  0000009
0329.32  000.027  0000000  000.313  0000000  002.198  0000003
0330.32  000.027  0000000  000.312  0000000  002.201  0000003
0331.33  000.027  0000000  000.311  0000000  002.212  0000006
0332.33  000.027  0000000  000.310  0000000  002.218  0000004
0333.33  000.027  0000000  000.309  0000000  002.220  0000003
0334.32  000.027  0000000  000.308  0000000  002.222  0000003
0335.32  000.027  0000000  000.307  0000000  002.225  0000003
0336.33  000.027  0000000  000.306  0000000  002.221  0000001
0337.33  000.027  0000000  000.308  0000001  002.226  0000004
0338.33  000.027  0000000  000.307  0000000  002.232  0000004
0339.33  000.027  0000000  000.309  0000001  002.240  0000005
0340.33  000.026  0000000  000.309  0000000  002.239  0000002
0341.33  000.026  0000000  000.308  0000000  002.244  0000004
0342.33  000.026  0000000  000.310  0000001  002.252  0000005
0343.33  000.026  0000000  000.312  0000001  002.254  0000003
0344.35  000.026  0000000  000.311  0000000  002.256  0000003
0345.35  000.026  0000000  000.310  0000000  002.273  0000008
0346.33  000.026  0000000  000.312  0000001  002.278  0000004
0347.33  000.026  0000000  000.311  0000000  002.280  0000003
0348.33  000.026  0000000  000.310  0000000  002.279  0000002
0349.35  000.026  0000000  000.309  0000000  002.281  0000003
0350.35  000.026  0000000  000.311  0000001  002.281  0000002
0351.35  000.026  0000000  000.310  0000000  002.280  0000002
0352.33  000.026  0000000  000.309  0000000  002.279  0000002
0353.35  000.025  0000000  000.308  0000000  002.281  0000003
0354.35  000.025  0000000  000.308  0000000  002.283  0000003
0355.35  000.025  0000000  000.307  0000000  002.285  0000003
0356.35  000.025  0000000  000.311  0000002  002.295  0000006
0357.37  000.025  0000000  000.311  0000000  002.295  0000002
0358.35  000.025  0000000  000.310  0000000  002.291  0000001
0359.35  000.025  0000000  000.309  0000000  002.296  0000004
0360.35  000.025  0000000  000.311  0000001  002.295  0000002
0361.35  000.025  0000000  000.310  0000000  002.291  0000001
0362.37  000.025  0000000  000.312  0000001  002.307  0000008
0363.37  000.025  0000000  000.314  0000001  002.314  0000005
0364.35  000.025  0000000  000.313  0000000  002.314  0000002
0365.35  000.027  0000001  000.312  0000000  002.321  0000005
0366.37  000.027  0000000  000.311  0000000  002.331  0000006
0367.37  000.027  0000000  000.313  0000001  002.338  0000005
0368.37  000.027  0000000  000.318  0000002  002.356  0000009
0369.37  000.027  0000000  000.317  0000000  002.366  0000006
0370.37  000.027  0000000  000.321  0000002  002.398  0000014
0371.37  000.027  0000000  000.320  0000000  002.394  0000001
0372.37  000.027  0000000  000.320  0000000  002.395  0000003
0373.37  000.027  0000000  000.319  0000000  002.397  0000003
0374.37  000.027  0000000  000.321  0000001  002.399  0000003
0375.38  000.027  0000000  000.320  0000000  002.400  0000003
0376.37  000.027  0000000  000.319  0000000  002.399  0000002
0377.37  000.026  0000000  000.318  0000000  002.411  0000007
0378.37  000.026  0000000  000.317  0000000  002.416  0000004
0379.38  000.026  0000000  000.316  0000000  002.417  0000003
0380.38  000.026  0000000  000.315  0000000  002.421  0000004
0381.37  000.026  0000000  000.315  0000000  002.423  0000003
0382.37  000.026  0000000  000.314  0000000  002.435  0000007
0383.38  000.026  0000000  000.316  0000001  002.444  0000006
0384.38  000.029  0000001  000.323  0000003  002.456  0000007
0385.38  000.029  0000000  000.322  0000000  002.462  0000005
0386.38  000.028  0000000  000.321  0000000  002.464  0000003
0387.37  000.028  0000000  000.320  0000000  002.473  0000006
0388.38  000.028  0000000  000.319  0000000  002.477  0000004
0389.38  000.028  0000000  000.318  0000000  002.481  0000004
0390.38  000.028  0000000  000.318  0000000  002.485  0000004
0391.38  000.028  0000000  000.319  0000001  002.496  0000007
0392.40  000.028  0000000  000.319  0000000  002.500  0000004
0393.38  000.028  0000000  000.318  0000000  002.504  0000004
0394.38  000.028  0000000  000.317  0000000  002.513  0000006
0395.38  000.028  0000000  000.316  0000000  002.517  0000004
0396.40  000.028  0000000  000.315  0000000  002.513  0000001
0397.40  000.030  0000001  000.315  0000000  002.519  0000005
0398.40  000.030  0000000  000.314  0000000  002.520  0000003
0399.38  000.030  0000000  000.313  0000000  002.526  0000005
0400.38  000.030  0000000  000.312  0000000  002.530  0000004
0401.40  000.032  0000001  000.314  0000001  002.541  0000007
0402.40  000.032  0000000  000.313  0000000  002.542  0000003
0403.40  000.032  0000000  000.312  0000000  002.541  0000002
0404.40  000.032  0000000  000.312  0000000  002.540  0000002
0405.40  000.032  0000000  000.313  0000001  002.556  0000009
0406.40  000.032  0000000  000.313  0000000  002.557  0000003
0407.40  000.034  0000001  000.312  0000000  002.577  0000011
0408.40  000.034  0000000  000.311  0000000  002.586  0000006
0409.42  000.034  0000000  000.310  0000000  002.579  0000000
0410.42  000.034  0000000  000.309  0000000  002.583  0000004
0411.40  000.034  0000000  000.309  0000000  002.586  0000004
0412.40  000.034  0000000  000.313  0000002  002.604  0000010
0413.40  000.034  0000000  000.312  0000000  002.612  0000006
0414.42  000.034  0000000  000.316  0000002  002.623  0000007
0415.42  000.034  0000000  000.315  0000000  002.629  0000005
0416.42  000.034  0000000  000.315  0000000  002.632  0000004
0417.40  000.034  0000000  000.319  0000002  002.640  0000006
0418.42  000.033  0000000  000.318  0000000  002.646  0000005
0419.42  000.036  0000001  000.317  0000000  002.651  0000005
0420.42  000.036  0000000  000.316  0000000  002.647  0000001
0421.42  000.036  0000000  000.316  0000000  002.651  0000004
0422.42  000.036  0000000  000.317  0000001  002.656  0000005
0423.42  000.035  0000000  000.316  0000000  002.652  0000001
0424.42  000.035  0000000  000.316  0000000  002.651  0000002
0425.42  000.035  0000000  000.315  0000000  002.652  0000003
0426.42  000.035  0000000  000.314  0000000  002.650  0000002
0427.43  000.035  0000000  000.316  0000001  002.653  0000004
0428.42  000.035  0000000  000.317  0000001  002.659  0000005
0429.42  000.035  0000000  000.319  0000001  002.664  0000005
0430.42  000.035  0000000  000.318  0000000  002.667  0000004
0431.43  000.035  0000000  000.318  0000000  002.663  0000001
0432.43  000.035  0000000  000.317  0000000  002.664  0000003
0433.43  000.035  0000000  000.316  0000000  002.662  0000002
0434.42  000.035  0000000  000.315  0000000  002.663  0000003
0435.43  000.034  0000000  000.319  0000002  002.675  0000008
0436.43  000.034  0000000  000.318  0000000  002.681  0000005
0437.43  000.034  0000000  000.318  0000000  002.682  0000003
0438.43  000.034  0000000  000.328  0000005  002.703  0000012
0439.43  000.034  0000000  000.330  0000001  002.708  0000005
0440.43  000.034  0000000  000.329  0000000  002.711  0000004
0441.43  000.034  0000000  000.328  0000000  002.716  0000005
0442.43  000.034  0000000  000.328  0000000  002.717  0000003
0443.43  000.034  0000000  000.327  0000000  002.715  0000002
0444.45  000.034  0000000  000.326  0000000  002.722  0000006
0445.45  000.034  0000000  000.326  0000000  002.725  0000004
0446.43  000.034  0000000  000.327  0000001  002.726  0000003
0447.43  000.034  0000000  000.326  0000000  002.729  0000004
0448.45  000.033  0000000  000.326  0000000  002.727  0000002
0449.45  000.033  0000000  000.325  0000000  002.728  0000003
0450.45  000.033  0000000  000.331  0000003  002.748  0000012
0451.45  000.033  0000000  000.330  0000000  002.756  0000006
0452.43  000.033  0000000  000.329  0000000  002.750  0000000
0453.45  000.033  0000000  000.331  0000001  002.752  0000004
0454.45  000.033  0000000  000.330  0000000  002.753  0000003
0455.45  000.033  0000000  000.332  0000001  002.762  0000007
0456.45  000.033  0000000  000.331  0000000  002.769  0000006
0457.47  000.033  0000000  000.332  0000001  002.781  0000008
0458.45  000.033  0000000  000.334  0000001  002.794  0000009
0459.45  000.033  0000000  000.333  0000000  002.790  0000001
0460.45  000.033  0000000  000.332  0000000  002.791  0000003
0461.47  000.033  0000000  000.332  0000000  002.789  0000002
0462.47  000.032  0000000  000.335  0000002  002.794  0000005
0463.47  000.035  0000001  000.337  0000001  002.803  0000007
0464.45  000.034  0000000  000.336  0000000  002.803  0000003
0465.45  000.034  0000000  000.337  0000001  002.806  0000004
0466.47  000.034  0000000  000.339  0000001  002.815  0000007
0467.47  000.034  0000000  000.342  0000002  002.826  0000008
0468.47  000.034  0000000  000.342  0000000  002.828  0000004
0469.45  000.034  0000000  000.341  0000000  002.825  0000001
0470.47  000.034  0000000  000.342  0000001  002.827  0000004
0471.47  000.034  0000000  000.344  0000001  002.834  0000006
0472.47  000.034  0000000  000.345  0000001  002.845  0000008
0473.47  000.034  0000000  000.344  0000000  002.851  0000006
0474.48  000.034  0000000  000.344  0000000  002.852  0000003
0475.47  000.034  0000000  000.343  0000000  002.852  0000003
0476.47  000.034  0000000  000.342  0000000  002.852  0000003
0477.47  000.034  0000000  000.341  0000000  002.855  0000004
0478.47  000.033  0000000  000.341  0000000  002.855  0000003
0479.48  000.033  0000000  000.340  0000000  002.851  0000001
0480.48  000.033  0000000  000.341  0000001  002.858  0000006
0481.47  000.033  0000000  000.341  0000000  002.852  0000000
0482.47  000.033  0000000  000.340  0000000  002.852  0000003
0483.48  000.033  0000000  000.341  0000001  002.850  0000002
0484.48  000.035  0000001  000.341  0000000  002.859  0000007
0485.48  000.035  0000000  000.342  0000001  002.867  0000007
0486.48  000.035  0000000  000.341  0000000  002.863  0000001
0487.48  000.035  0000000  000.341  0000000  002.868  0000005
0488.48  000.035  0000000  000.340  0000000  002.872  0000005
0489.48  000.035  0000000  000.339  0000000  002.874  0000004
0490.48  000.035  0000000  000.338  0000000  002.873  0000002
0491.48  000.035  0000000  000.338  0000000  002.871  0000002
0492.50  000.035  0000000  000.341  0000002  002.887  0000011
0493.48  000.034  0000000  000.340  0000000  002.892  0000005
0494.48  000.034  0000000  000.342  0000001  002.906  0000010
0495.48  000.034  0000000  000.343  0000001  002.912  0000006
0496.50  000.034  0000000  000.342  0000000  002.910  0000002
0497.50  000.036  0000001  000.342  0000000  002.915  0000005
0498.50  000.036  0000000  000.343  0000001  002.923  0000007
0499.48  000.036  0000000  000.344  0000001  002.925  0000004
0500.50  000.036  0000000  000.346  0000001  002.929  0000005
0501.50  000.036  0000000  000.345  0000000  002.933  0000005
0502.50  000.036  0000000  000.344  0000000  002.933  0000003
0503.50  000.036  0000000  000.344  0000000  002.935  0000004
0504.50  000.036  0000000  000.343  0000000  002.942  0000006
0505.50  000.036  0000000  000.342  0000000  002.938  0000001
0506.50  000.036  0000000  000.342  0000000  002.934  0000001
0507.50  000.035  0000000  000.341  0000000  002.934  0000003
0508.50  000.035  0000000  000.340  0000000  002.932  0000002
0509.52  000.035  0000000  000.340  0000000  002.938  0000006
0510.52  000.035  0000000  000.343  0000002  002.944  0000006
0511.50  000.035  0000000  000.342  0000000  002.944  0000003
0512.50  000.035  0000000  000.341  0000000  002.948  0000005
0513.52  000.035  0000000  000.343  0000001  002.958  0000008
0514.52  000.035  0000000  000.344  0000001  002.964  0000006
0515.52  000.035  0000000  000.345  0000001  002.987  0000015
0516.50  000.035  0000000  000.345  0000000  002.995  0000007
0517.50  000.035  0000000  000.344  0000000  002.999  0000005
0518.52  000.035  0000000  000.343  0000000  003.005  0000006
0519.52  000.035  0000000  000.343  0000000  003.003  0000002
0520.52  000.035  0000000  000.344  0000001  003.010  0000007
0521.52  000.035  0000000  000.343  0000000  003.010  0000003
0522.52  000.034  0000000  000.343  0000000  003.010  0000003
0523.52  000.034  0000000  000.342  0000000  003.010  0000003
0524.52  000.034  0000000  000.341  0000000  003.016  0000006
0525.52  000.034  0000000  000.343  0000001  003.022  0000006
0526.53  000.034  0000000  000.342  0000000  003.022  0000003
0527.53  000.034  0000000  000.341  0000000  003.022  0000003
0528.52  000.034  0000000  000.341  0000000  003.024  0000004
0529.52  000.036  0000001  000.342  0000001  003.033  0000008
0530.52  000.036  0000000  000.341  0000000  003.033  0000003
0531.53  000.036  0000000  000.342  0000001  003.040  0000007
0532.53  000.036  0000000  000.344  0000001  003.044  0000005
0533.53  000.036  0000000  000.345  0000001  003.053  0000008
0534.52  000.036  0000000  000.346  0000001  003.061  0000007
0535.53  000.037  0000001  000.347  0000001  003.064  0000005
0536.53  000.037  0000000  000.347  0000000  003.072  0000007
0537.53  000.037  0000000  000.346  0000000  003.077  0000006
0538.53  000.037  0000000  000.345  0000000  003.075  0000002
0539.55  000.037  0000000  000.345  0000000  003.080  0000006
0540.53  000.037  0000000  000.344  0000000  003.082  0000004
0541.53  000.037  0000000  000.345  0000001  003.086  0000005
0542.53  000.037  0000000  000.348  0000002  003.102  0000012
0543.53  000.037  0000000  000.348  0000000  003.104  0000004
0544.55  000.037  0000000  000.349  0000001  003.107  0000005
0545.55  000.037  0000000  000.350  0000001  003.112  0000006
0546.53  000.037  0000000  000.349  0000000  003.114  0000004
0547.53  000.037  0000000  000.349  0000000  003.116  0000004
0548.55  000.036  0000000  000.348  0000000  003.117  0000004
0549.55  000.036  0000000  000.348  0000000  003.123  0000006
0550.55  000.036  0000000  000.351  0000002  003.130  0000007
0551.55  000.036  0000000  000.352  0000001  003.140  0000009
0552.55  000.036  0000000  000.353  0000001  003.145  0000006
0553.55  000.036  0000000  000.352  0000000  003.147  0000004
0554.55  000.036  0000000  000.353  0000001  003.154  0000007
0555.55  000.036  0000000  000.355  0000001  003.163  0000008
0556.55  000.036  0000000  000.354  0000000  003.164  0000004
0557.57  000.036  0000000  000.353  0000000  003.158  0000000
0558.55  000.036  0000000  000.354  0000001  003.160  0000004
0559.55  000.036  0000000  000.354  0000000  003.156  0000001
0560.55  000.036  0000000  000.355  0000001  003.163  0000007
0561.57  000.036  0000000  000.358  0000002  003.170  0000007
0562.57  000.036  0000000  000.359  0000001  003.178  0000008
0563.57  000.035  0000000  000.358  0000000  003.183  0000006
0564.55  000.035  0000000  000.361  0000002  003.194  0000009
0565.57  000.037  0000001  000.362  0000001  003.200  0000007
0566.57  000.037  0000000  000.362  0000000  003.200  0000003
0567.57  000.037  0000000  000.361  0000000  003.203  0000005
0568.57  000.037  0000000  000.361  0000000  003.205  0000004
0569.55  000.037  0000000  000.360  0000000  003.204  0000003
0570.57  000.037  0000000  000.361  0000001  003.207  0000005
0571.57  000.037  0000000  000.360  0000000  003.205  0000002
0572.57  000.037  0000000  000.362  0000001  003.207  0000004
0573.57  000.037  0000000  000.363  0000001  003.210  0000005
0574.58  000.037  0000000  000.364  0000001  003.216  0000007
0575.57  000.036  0000000  000.363  0000000  003.214  0000002
0576.57  000.036  0000000  000.362  0000000  003.214  0000003
0577.57  000.036  0000000  000.362  0000000  003.212  0000002
0578.58  000.036  0000000  000.361  0000000  003.218  0000007
0579.58  000.036  0000000  000.361  0000000  003.226  0000008
0580.58  000.036  0000000  000.360  0000000  003.228  0000004
0581.57  000.036  0000000  000.361  0000001  003.233  0000006
0582.57  000.036  0000000  000.360  0000000  003.236  0000005
0583.58  000.036  0000000  000.363  0000002  003.249  0000011
0584.58  000.038  0000001  000.366  0000002  003.259  0000009
0585.58  000.038  0000000  000.365  0000000  003.260  0000004
0586.58  000.038  0000000  000.365  0000000  003.265  0000006
0587.58  000.037  0000000  000.366  0000001  003.269  0000006
0588.58  000.037  0000000  000.365  0000000  003.274  0000006
0589.58  000.037  0000000  000.365  0000000  003.279  0000006
0590.58  000.037  0000000  000.364  0000000  003.278  0000003
0591.60  000.037  0000000  000.363  0000000  003.283  0000006
0592.60  000.037  0000000  000.364  0000001  003.287  0000006
0593.58  000.037  0000000  000.367  0000002  003.295  0000008
0594.58  000.037  0000000  000.368  0000001  003.301  0000007
0595.58  000.037  0000000  000.368  0000000  003.304  0000005
0596.60  000.037  0000000  000.367  0000000  003.302  0000002
0597.60  000.037  0000000  000.366  0000000  003.303  0000004
0598.60  000.037  0000000  000.366  0000000  003.301  0000002
0599.58  000.037  0000000  000.367  0000001  003.304  0000005
0600.60  000.037  0000000  000.366  0000000  003.307  0000005
0601.60  000.037  0000000  000.366  0000000  003.313  0000007
0602.60  000.038  0000001  000.365  0000000  003.312  0000003
0603.60  000.038  0000000  000.371  0000004  003.325  0000011
0604.62  000.038  0000000  000.370  0000000  003.333  0000008
0605.60  000.038  0000000  000.373  0000002  003.347  0000012
0606.60  000.038  0000000  000.373  0000000  003.347  0000003
0607.60  000.038  0000000  000.372  0000000  003.346  0000003
0608.60  000.038  0000000  000.371  0000000  003.349  0000005
0609.62  000.038  0000000  000.376  0000003  003.361  0000011
0610.62  000.038  0000000  000.375  0000000  003.364  0000005
0611.60  000.038  0000000  000.374  0000000  003.370  0000007
0612.60  000.038  0000000  000.374  0000000  003.371  0000004
0613.62  000.037  0000000  000.373  0000000  003.377  0000007
0614.62  000.037  0000000  000.373  0000000  003.381  0000006
0615.62  000.037  0000000  000.374  0000001  003.380  0000003
0616.60  000.037  0000000  000.373  0000000  003.383  0000005
0617.62  000.037  0000000  000.372  0000000  003.389  0000007
0618.62  000.037  0000000  000.372  0000000  003.388  0000003
0619.62  000.037  0000000  000.371  0000000  003.391  0000005
0620.62  000.037  0000000  000.371  0000000  003.397  0000007
0621.62  000.037  0000000  000.370  0000000  003.396  0000003
0622.62  000.037  0000000  000.369  0000000  003.397  0000004
0623.62  000.037  0000000  000.369  0000000  003.401  0000006
0624.62  000.037  0000000  000.368  0000000  003.399  0000002
0625.62  000.037  0000000  000.368  0000000  003.398  0000003
0626.63  000.037  0000000  000.369  0000001  003.402  0000006
0627.63  000.037  0000000  000.370  0000001  003.408  0000007
0628.62  000.037  0000000  000.371  0000001  003.415  0000008
0629.62  000.037  0000000  000.372  0000001  003.420  0000006
0630.63  000.036  0000000  000.371  0000000  003.419  0000003
0631.63  000.036  0000000  000.370  0000000  003.424  0000007
0632.63  000.036  0000000  000.370  0000000  003.425  0000004
0633.63  000.036  0000000  000.371  0000001  003.429  0000006
0634.62  000.036  0000000  000.377  0000004  003.443  0000012
0635.63  000.036  0000000  000.378  0000001  003.444  0000004
0636.63  000.036  0000000  000.377  0000000  003.448  0000006
0637.63  000.036  0000000  000.378  0000001  003.450  0000005
0638.63  000.036  0000000  000.377  0000000  003.456  0000007
0639.65  000.036  0000000  000.377  0000000  003.457  0000004
0640.63  000.036  0000000  000.378  0000001  003.456  0000003
0641.63  000.036  0000000  000.377  0000000  003.465  0000009
0642.63  000.036  0000000  000.380  0000002  003.476  0000011
0643.65  000.036  0000000  000.381  0000001  003.483  0000008
0644.65  000.036  0000000  000.380  0000000  003.486  0000005
0645.65  000.036  0000000  000.379  0000000  003.485  0000003
0646.63  000.036  0000000  000.379  0000000  003.490  0000007
0647.63  000.036  0000000  000.378  0000000  003.497  0000008
0648.65  000.035  0000000  000.379  0000001  003.504  0000008
0649.65  000.035  0000000  000.382  0000002  003.514  0000010
0650.65  000.035  0000000  000.381  0000000  003.523  0000009
0651.65  000.035  0000000  000.381  0000000  003.523  0000004
0652.65  000.035  0000000  000.380  0000000  003.529  0000007
0653.65  000.035  0000000  000.379  0000000  003.536  0000008
0654.65  000.035  0000000  000.379  0000000  003.538  0000005
0655.65  000.035  0000000  000.380  0000001  003.551  0000012
0656.65  000.035  0000000  000.379  0000000  003.551  0000004
0657.67  000.035  0000000  000.380  0000001  003.553  0000005
0658.65  000.035  0000000  000.380  0000000  003.559  0000007
0659.65  000.035  0000000  000.379  0000000  003.559  0000004
0660.65  000.035  0000000  000.383  0000003  003.571  0000011
0661.67  000.035  0000000  000.384  0000001  003.568  0000002
0662.67  000.035  0000000  000.383  0000000  003.566  0000002
0663.65  000.035  0000000  000.386  0000002  003.579  0000012
0664.65  000.035  0000000  000.385  0000000  003.576  0000002
0665.67  000.035  0000000  000.385  0000000  003.572  0000001
0666.67  000.035  0000000  000.384  0000000  003.569  0000001
0667.67  000.034  0000000  000.383  0000000  003.572  0000006
0668.67  000.034  0000000  000.384  0000001  003.574  0000005
0669.65  000.034  0000000  000.384  0000000  003.579  0000007
0670.67  000.034  0000000  000.383  0000000  003.580  0000004
0671.67  000.034  0000000  000.383  0000000  003.581  0000004
0672.67  000.034  0000000  000.384  0000001  003.586  0000007
0673.67  000.034  0000000  000.383  0000000  003.583  0000002
0674.68  000.034  0000000  000.382  0000000  003.582  0000003
0675.67  000.034  0000000  000.383  0000001  003.583  0000004
0676.67  000.034  0000000  000.383  0000000  003.591  0000009
0677.67  000.034  0000000  000.384  0000001  003.596  0000007
0678.68  000.034  0000000  000.383  0000000  003.600  0000006
0679.68  000.034  0000000  000.384  0000001  003.603  0000006
0680.68  000.034  0000000  000.385  0000001  003.610  0000008
0681.67  000.034  0000000  000.384  0000000  003.613  0000006
0682.67  000.034  0000000  000.384  0000000  003.614  0000004
0683.68  000.034  0000000  000.383  0000000  003.616  0000005
0684.68  000.034  0000000  000.383  0000000  003.621  0000007
0685.68  000.034  0000000  000.382  0000000  003.626  0000007
0686.68  000.033  0000000  000.382  0000000  003.628  0000005
0687.68  000.033  0000000  000.381  0000000  003.634  0000008
0688.68  000.033  0000000  000.380  0000000  003.633  0000003
0689.68  000.033  0000000  000.380  0000000  003.638  0000007
0690.68  000.033  0000000  000.379  0000000  003.640  0000005
0691.70  000.033  0000000  000.380  0000001  003.645  0000007
0692.70  000.033  0000000  000.380  0000000  003.647  0000005
0693.68  000.033  0000000  000.379  0000000  003.644  0000002
0694.68  000.033  0000000  000.379  0000000  003.645  0000004
0695.68  000.033  0000000  000.378  0000000  003.647  0000005
0696.70  000.033  0000000  000.379  0000001  003.654  0000009
0697.70  000.033  0000000  000.378  0000000  003.661  0000008
0698.70  000.033  0000000  000.379  0000001  003.663  0000005
0699.68  000.033  0000000  000.380  0000001  003.673  0000011
0700.70  000.033  0000000  000.380  0000000  003.673  0000004
0701.70  000.033  0000000  000.382  0000002  003.680  0000008
0702.70  000.033  0000000  000.383  0000001  003.680  0000004
0703.70  000.033  0000000  000.385  0000002  003.686  0000008
0704.70  000.033  0000000  000.385  0000000  003.685  0000003
0705.70  000.033  0000000  000.384  0000000  003.691  0000008
0706.70  000.033  0000000  000.386  0000002  003.699  0000009
0707.70  000.032  0000000  000.387  0000001  003.704  0000007
0708.70  000.032  0000000  000.389  0000002  003.708  0000007
0709.72  000.032  0000000  000.389  0000000  003.707  0000003
0710.70  000.032  0000000  000.390  0000001  003.709  0000005
0711.70  000.032  0000000  000.389  0000000  003.719  0000011
0712.70  000.032  0000000  000.389  0000000  003.725  0000008
0713.72  000.032  0000000  000.388  0000000  003.727  0000005
0714.72  000.032  0000000  000.389  0000001  003.737  0000011
0715.72  000.032  0000000  000.388  0000000  003.738  0000004
0716.70  000.032  0000000  000.389  0000001  003.738  0000004
0717.72  000.032  0000000  000.389  0000000  003.741  0000006
0718.72  000.032  0000000  000.394  0000004  003.751  0000011
0719.72  000.032  0000000  000.395  0000001  003.754  0000006
0720.72  000.033  0000001  000.395  0000001  003.757  0000006
0721.72  000.033  0000000  000.399  0000003  003.765  0000009
0722.72  000.033  0000000  000.400  0000001  003.772  0000009
0723.72  000.033  0000000  000.399  0000000  003.772  0000004
0724.72  000.033  0000000  000.402  0000002  003.782  0000011
0725.72  000.033  0000000  000.401  0000000  003.782  0000004
0726.73  000.033  0000000  000.400  0000000  003.783  0000004
0727.73  000.033  0000000  000.403  0000002  003.791  0000010
0728.72  000.033  0000000  000.402  0000000  003.789  0000002
0729.72  000.033  0000000  000.402  0000000  003.792  0000006
0730.73  000.033  0000000  000.401  0000000  003.793  0000005
0731.73  000.033  0000000  000.400  0000000  003.795  0000005
0732.73  000.033  0000000  000.401  0000001  003.801  0000008
0733.73  000.033  0000000  000.401  0000000  003.802  0000005
0734.72  000.034  0000001  000.400  0000000  003.807  0000007
0735.73  000.034  0000000  000.401  0000001  003.807  0000004
0736.73  000.034  0000000  000.402  0000001  003.814  0000009
0737.73  000.034  0000000  000.405  0000003  003.832  0000017
0738.73  000.034  0000000  000.405  0000000  003.834  0000005
0739.75  000.034  0000000  000.410  0000004  003.845  0000012
0740.73  000.034  0000000  000.410  0000001  003.849  0000007
0741.73  000.034  0000000  000.411  0000001  003.857  0000010
0742.73  000.034  0000000  000.411  0000000  003.861  0000007
0743.75  000.034  0000000  000.410  0000000  003.862  0000004
0744.75  000.035  0000001  000.410  0000000  003.864  0000006
0745.75  000.035  0000000  000.409  0000000  003.873  0000010
0746.73  000.035  0000000  000.410  0000001  003.876  0000006
0747.73  000.035  0000000  000.409  0000000  003.880  0000007
0748.75  000.035  0000000  000.410  0000001  003.881  0000005
0749.75  000.035  0000000  000.409  0000000  003.880  0000003
0750.75  000.035  0000000  000.409  0000000  003.879  0000003
0751.73  000.035  0000000  000.408  0000000  003.883  0000007
0752.75  000.035  0000000  000.408  0000000  003.886  0000006
0753.75  000.034  0000000  000.407  0000000  003.887  0000005
0754.75  000.034  0000000  000.408  0000001  003.891  0000007
0755.75  000.034  0000000  000.410  0000002  003.898  0000009
0756.77  000.034  0000000  000.411  0000001  003.906  0000010
0757.75  000.034  0000000  000.410  0000000  003.909  0000006
0758.75  000.034  0000000  000.413  0000002  003.914  0000008
0759.75  000.034  0000000  000.412  0000000  003.924  0000011
0760.75  000.034  0000000  000.413  0000001  003.932  0000010
0761.77  000.034  0000000  000.412  0000000  003.932  0000004
0762.77  000.034  0000000  000.412  0000000  003.936  0000007
0763.75  000.034  0000000  000.411  0000000  003.933  0000002
0764.75  000.034  0000000  000.412  0000001  003.940  0000009
0765.77  000.034  0000000  000.411  0000000  003.942  0000006
0766.77  000.034  0000000  000.412  0000001  003.949  0000009
0767.77  000.034  0000000  000.412  0000000  003.948  0000003
0768.77  000.034  0000000  000.411  0000000  003.950  0000006
0769.77  000.034  0000000  000.413  0000002  003.964  0000014
0770.77  000.035  0000001  000.413  0000000  003.969  0000008
0771.77  000.035  0000000  000.412  0000000  003.971  0000006
0772.77  000.035  0000000  000.412  0000000  003.970  0000003
0773.77  000.035  0000000  000.415  0000003  003.981  0000012
0774.78  000.035  0000000  000.417  0000002  003.984  0000007
0775.77  000.035  0000000  000.418  0000001  003.990  0000008
0776.77  000.036  0000001  000.420  0000002  004.000  0000012
0777.77  000.036  0000000  000.419  0000000  004.004  0000007
0778.78  000.036  0000000  000.420  0000001  004.011  0000010
0779.78  000.036  0000000  000.419  0000000  004.017  0000008
0780.78  000.036  0000000  000.419  0000000  004.024  0000010
0781.77  000.036  0000000  000.420  0000001  004.032  0000010
0782.78  000.036  0000000  000.419  0000000  004.034  0000006
0783.78  000.036  0000000  000.418  0000000  004.034  0000004
0784.78  000.036  0000000  000.420  0000002  004.044  0000012
0785.78  000.036  0000000  000.420  0000000  004.047  0000006
0786.78  000.036  0000000  000.422  0000002  004.052  0000008
0787.78  000.036  0000000  000.424  0000002  004.058  0000009
0788.78  000.035  0000000  000.423  0000000  004.054  0000001
0789.78  000.035  0000000  000.424  0000001  004.059  0000008
0790.78  000.035  0000000  000.424  0000000  004.062  0000006
0791.80  000.035  0000000  000.423  0000000  004.062  0000004
0792.80  000.035  0000000  000.423  0000000  004.070  0000011
0793.78  000.035  0000000  000.423  0000001  004.072  0000005
0794.78  000.035  0000000  000.427  0000003  004.079  0000010
0795.80  000.035  0000000  000.427  0000001  004.084  0000008
0796.80  000.035  0000000  000.427  0000000  004.085  0000005
0797.80  000.035  0000000  000.427  0000001  004.091  0000009
0798.80  000.035  0000000  000.428  0000001  004.091  0000004
0799.78  000.035  0000000  000.428  0000000  004.092  0000005
0800.80  000.035  0000000  000.428  0000001  004.096  0000007
0801.80  000.035  0000000  000.429  0000001  004.097  0000005
0802.80  000.035  0000000  000.429  0000000  004.097  0000004
0803.80  000.035  0000000  000.429  0000001  004.098  0000005
0804.82  000.035  0000000  000.430  0000001  004.104  0000009
0805.80  000.035  0000000  000.431  0000001  004.103  0000003
0806.80  000.035  0000000  000.435  0000004  004.111  0000011
0807.80  000.035  0000000  000.435  0000000  004.115  0000007
0808.82  000.035  0000000  000.434  0000000  004.113  0000003
0809.82  000.035  0000000  000.433  0000000  004.119  0000009
0810.80  000.035  0000000  000.433  0000000  004.119  0000004
0811.80  000.034  0000000  000.434  0000001  004.124  0000008
0812.80  000.034  0000000  000.433  0000000  004.130  0000009
0813.82  000.034  0000000  000.434  0000001  004.136  0000009
0814.82  000.034  0000000  000.433  0000000  004.136  0000004
0815.82  000.034  0000000  000.436  0000003  004.142  0000009
0816.80  000.034  0000000  000.436  0000000  004.143  0000005
0817.82  000.034  0000000  000.437  0000001  004.145  0000006
0818.82  000.034  0000000  000.436  0000000  004.146  0000005
0819.82  000.034  0000000  000.435  0000000  004.153  0000010
0820.82  000.034  0000000  000.437  0000002  004.162  0000011
0821.83  000.034  0000000  000.438  0000001  004.165  0000007
0822.82  000.034  0000000  000.442  0000004  004.180  0000016
0823.82  000.034  0000000  000.442  0000000  004.187  0000010
0824.82  000.034  0000000  000.443  0000001  004.194  0000010
0825.82  000.034  0000000  000.442  0000000  004.199  0000009
0826.83  000.034  0000000  000.441  0000000  004.203  0000007
0827.83  000.034  0000000  000.446  0000004  004.212  0000012
0828.82  000.034  0000000  000.445  0000000  004.212  0000004
0829.82  000.034  0000000  000.446  0000001  004.217  0000008
0830.83  000.034  0000000  000.447  0000001  004.221  0000008
0831.83  000.034  0000000  000.447  0000001  004.222  0000005
0832.83  000.034  0000000  000.448  0000001  004.225  0000007
0833.83  000.034  0000000  000.447  0000000  004.226  0000005
0834.83  000.034  0000000  000.450  0000003  004.231  0000008
0835.83  000.033  0000000  000.452  0000002  004.242  0000014
0836.83  000.033  0000000  000.452  0000000  004.242  0000004
0837.83  000.033  0000000  000.452  0000001  004.244  0000006
0838.83  000.033  0000000  000.452  0000000  004.244  0000004
0839.85  000.033  0000000  000.452  0000001  004.245  0000005
0840.83  000.034  0000001  000.452  0000000  004.248  0000007
0841.83  000.034  0000000  000.451  0000000  004.259  0000013
0842.83  000.034  0000000  000.454  0000003  004.267  0000011
0843.85  000.034  0000000  000.454  0000000  004.271  0000008
0844.85  000.034  0000000  000.453  0000000  004.272  0000005
0845.85  000.034  0000000  000.454  0000001  004.276  0000008
0846.83  000.034  0000000  000.455  0000001  004.282  0000009
0847.85  000.034  0000000  000.455  0000001  004.287  0000009
0848.85  000.034  0000000  000.457  0000002  004.291  0000007
0849.85  000.034  0000000  000.457  0000000  004.287  0000001
0850.85  000.034  0000000  000.456  0000000  004.287  0000005
0851.83  000.034  0000000  000.458  0000002  004.293  0000009
0852.85  000.034  0000000  000.457  0000000  004.294  0000005
0853.85  000.034  0000000  000.460  0000003  004.305  0000014
0854.85  000.034  0000000  000.460  0000000  004.306  0000005
0855.85  000.034  0000000  000.460  0000001  004.310  0000008
0856.87  000.034  0000000  000.460  0000000  004.310  0000004
0857.85  000.034  0000000  000.459  0000000  004.313  0000007
0858.85  000.034  0000000  000.459  0000000  004.317  0000008
0859.85  000.034  0000000  000.458  0000000  004.316  0000003
0860.87  000.034  0000000  000.458  0000000  004.319  0000007
0861.87  000.034  0000000  000.457  0000000  004.325  0000010
0862.87  000.034  0000000  000.457  0000000  004.326  0000005
0863.85  000.034  0000000  000.458  0000002  004.333  0000010
0864.85  000.034  0000000  000.458  0000000  004.329  0000001
0865.87  000.033  0000000  000.457  0000000  004.332  0000007
0866.87  000.033  0000000  000.457  0000000  004.337  0000009
0867.87  000.033  0000000  000.457  0000001  004.341  0000007
0868.87  000.033  0000000  000.459  0000002  004.342  0000006
0869.87  000.033  0000000  000.460  0000001  004.350  0000011
0870.87  000.033  0000000  000.460  0000001  004.352  0000006
0871.87  000.033  0000000  000.460  0000000  004.354  0000006
0872.87  000.034  0000001  000.461  0000001  004.359  0000009
0873.88  000.034  0000000  000.461  0000001  004.361  0000006
0874.88  000.034  0000000  000.462  0000001  004.365  0000008
0875.87  000.034  0000000  000.461  0000000  004.364  0000003
0876.87  000.034  0000000  000.461  0000000  004.363  0000004
0877.87  000.034  0000000  000.460  0000000  004.363  0000004
0878.88  000.034  0000000  000.460  0000000  004.361  0000003
0879.88  000.034  0000000  000.464  0000004  004.372  0000014
0880.88  000.034  0000000  000.463  0000000  004.376  0000008
0881.87  000.034  0000000  000.463  0000000  004.377  0000005
0882.88  000.034  0000000  000.464  0000002  004.382  0000009
0883.88  000.034  0000000  000.464  0000000  004.383  0000005
0884.88  000.034  0000000  000.466  0000002  004.387  0000008
0885.88  000.034  0000000  000.470  0000004  004.398  0000014
0886.90  000.034  0000000  000.470  0000001  004.403  0000009
0887.88  000.034  0000000  000.473  0000003  004.413  0000013
0888.88  000.034  0000000  000.474  0000001  004.425  0000015
0889.88  000.034  0000000  000.475  0000002  004.435  0000014
0890.88  000.034  0000000  000.477  0000002  004.437  0000006
0891.90  000.034  0000000  000.477  0000000  004.435  0000003
0892.90  000.034  0000000  000.479  0000003  004.441  0000009
0893.88  000.034  0000000  000.479  0000000  004.444  0000007
0894.88  000.034  0000000  000.478  0000000  004.444  0000005
0895.90  000.033  0000000  000.479  0000001  004.448  0000008
0896.90  000.033  0000000  000.479  0000001  004.459  0000014
0897.90  000.033  0000000  000.480  0000001  004.466  0000011
0898.90  000.033  0000000  000.483  0000003  004.474  0000012
0899.90  000.033  0000000  000.483  0000001  004.483  0000012
0900.90  000.033  0000000  000.483  0000000  004.483  0000005
0901.90  000.033  0000000  000.486  0000003  004.489  0000010
0902.90  000.033  0000000  000.487  0000002  004.490  0000005
0903.90  000.033  0000000  000.489  0000002  004.496  0000010
0904.92  000.033  0000000  000.488  0000000  004.499  0000007
0905.90  000.033  0000000  000.488  0000000  004.509  0000014
0906.90  000.033  0000000  000.487  0000000  004.511  0000006
0907.90  000.033  0000000  000.487  0000000  004.508  0000002
0908.92  000.033  0000000  000.486  0000000  004.512  0000008
0909.92  000.033  0000000  000.486  0000000  004.514  0000006
0910.90  000.033  0000000  000.486  0000001  004.521  0000011
0911.90  000.033  0000000  000.488  0000002  004.530  0000013
0912.90  000.033  0000000  000.491  0000003  004.542  0000015
0913.92  000.033  0000000  000.491  0000001  004.551  0000013
0914.92  000.033  0000000  000.491  0000000  004.557  0000010
0915.92  000.033  0000000  000.491  0000001  004.559  0000007
0916.90  000.033  0000000  000.492  0000001  004.559  0000004
0917.92  000.033  0000000  000.494  0000002  004.565  0000010
0918.92  000.034  0000001  000.493  0000000  004.571  0000010
0919.92  000.034  0000000  000.494  0000001  004.577  0000010
0920.92  000.034  0000000  000.493  0000000  004.579  0000007
0921.93  000.034  0000000  000.494  0000001  004.583  0000008
0922.92  000.034  0000000  000.495  0000002  004.589  0000010
0923.92  000.034  0000000  000.496  0000001  004.596  0000011
0924.92  000.034  0000000  000.495  0000000  004.598  0000007
0925.92  000.033  0000000  000.496  0000001  004.602  0000008
0926.93  000.033  0000000  000.497  0000002  004.610  0000012
0927.93  000.033  0000000  000.498  0000001  004.619  0000013
0928.92  000.033  0000000  000.497  0000000  004.620  0000006
0929.92  000.033  0000000  000.497  0000000  004.624  0000008
0930.93  000.033  0000000  000.496  0000000  004.628  0000008
0931.93  000.033  0000000  000.496  0000000  004.629  0000006
0932.93  000.033  0000000  000.498  0000003  004.633  0000008
0933.93  000.033  0000000  000.499  0000001  004.638  0000010
0934.93  000.033  0000000  000.501  0000002  004.645  0000011
0935.93  000.033  0000000  000.500  0000000  004.650  0000009
0936.93  000.033  0000000  000.501  0000001  004.656  0000010
0937.93  000.033  0000000  000.501  0000001  004.658  0000007
0938.93  000.033  0000000  000.501  0000000  004.661  0000007
0939.95  000.034  0000001  000.500  0000000  004.668  0000012
0940.93  000.034  0000000  000.500  0000000  004.670  0000006
0941.93  000.035  0000001  000.499  0000000  004.675  0000010
0942.93  000.036  0000001  000.500  0000001  004.679  0000008
0943.95  000.036  0000000  000.499  0000000  004.684  0000009
0944.95  000.036  0000000  000.498  0000000  004.685  0000006
0945.95  000.036  0000000  000.498  0000000  004.687  0000007
0946.93  000.036  0000000  000.498  0000001  004.690  0000007
0947.95  000.036  0000000  000.498  0000000  004.691  0000006
0948.95  000.036  0000000  000.498  0000001  004.694  0000007
0949.95  000.036  0000000  000.498  0000000  004.694  0000005
0950.95  000.036  0000000  000.500  0000002  004.698  0000009
0951.93  000.036  0000000  000.499  0000000  004.704  0000010
0952.95  000.036  0000000  000.502  0000003  004.709  0000009
0953.95  000.036  0000000  000.501  0000000  004.712  0000008
0954.95  000.036  0000000  000.503  0000002  004.714  0000007
0955.95  000.036  0000000  000.503  0000001  004.719  0000009
0956.97  000.036  0000000  000.505  0000002  004.724  0000010
0957.95  000.035  0000000  000.505  0000001  004.731  0000011
0958.95  000.035  0000000  000.505  0000000  004.731  0000005
0959.95  000.035  0000000  000.505  0000001  004.740  0000013
0960.97  000.035  0000000  000.507  0000002  004.750  0000015
0961.97  000.035  0000000  000.506  0000000  004.750  0000004
0962.97  000.035  0000000  000.507  0000001  004.750  0000005
0963.95  000.035  0000000  000.507  0000001  004.755  0000010
0964.95  000.035  0000000  000.507  0000000  004.759  0000008
0965.97  000.035  0000000  000.508  0000002  004.763  0000009
0966.97  000.035  0000000  000.509  0000001  004.763  0000005
0967.97  000.035  0000000  000.508  0000000  004.767  0000008
0968.97  000.035  0000000  000.509  0000001  004.769  0000007
0969.97  000.035  0000000  000.508  0000000  004.771  0000007
0970.97  000.035  0000000  000.508  0000000  004.773  0000006
0971.97  000.035  0000000  000.507  0000000  004.777  0000009
0972.97  000.035  0000000  000.508  0000001  004.778  0000006
0973.98  000.035  0000000  000.507  0000000  004.781  0000008
0974.98  000.035  0000000  000.508  0000001  004.786  0000009
0975.97  000.035  0000000  000.508  0000001  004.788  0000007
0976.97  000.035  0000000  000.509  0000001  004.792  0000009
0977.97  000.035  0000000  000.509  0000001  004.799  0000011
0978.98  000.035  0000000  000.511  0000002  004.808  0000014
0979.98  000.035  0000000  000.511  0000001  004.809  0000006
0980.98  000.035  0000000  000.512  0000001  004.809  0000005
0981.97  000.035  0000000  000.514  0000003  004.817  0000012
0982.98  000.035  0000000  000.515  0000001  004.820  0000008
0983.98  000.035  0000000  000.514  0000000  004.824  0000009
0984.98  000.035  0000000  000.516  0000002  004.832  0000012
0985.98  000.034  0000000  000.517  0000002  004.838  0000011
0987.00  000.034  0000000  000.520  0000003  004.845  0000012
0987.98  000.034  0000000  000.521  0000002  004.851  0000011
0988.98  000.034  0000000  000.526  0000005  004.862  0000015
0989.98  000.034  0000000  000.526  0000001  004.873  0000016
0990.98  000.034  0000000  000.530  0000004  004.879  0000011
0992.00  000.034  0000000  000.530  0000001  004.884  0000010
0993.00  000.034  0000000  000.530  0000000  004.885  0000006
0993.98  000.034  0000000  000.529  0000000  004.891  0000011
0994.98  000.034  0000000  000.530  0000001  004.897  0000010
0996.00  000.034  0000000  000.531  0000002  004.902  0000010
0997.00  000.034  0000000  000.531  0000000  004.904  0000007
0998.00  000.034  0000000  000.530  0000000  004.906  0000007
0999.00  000.034  0000000  000.532  0000002  004.909  0000008
1000.00  000.034  0000000  000.532  0000001  004.911  0000007
1001.00  000.034  0000000  000.531  0000000  004.909  0000003
1002.00  000.034  0000000  000.532  0000001  004.914  0000010
1003.00  000.034  0000000  000.533  0000002  004.918  0000009
1004.00  000.034  0000000  000.534  0000001  004.920  0000007
1005.00  000.034  0000000  000.538  0000005  004.929  0000014
1006.00  000.034  0000000  000.539  0000001  004.935  0000011
1007.00  000.034  0000000  000.539  0000001  004.935  0000005
1008.00  000.034  0000000  000.539  0000000  004.936  0000005
1009.02  000.034  0000000  000.539  0000001  004.940  0000010
1010.02  000.034  0000000  000.541  0000002  004.944  0000009
1011.00  000.034  0000000  000.540  0000000  004.947  0000007
1012.00  000.034  0000000  000.542  0000002  004.957  0000015
1013.02  000.034  0000000  000.542  0000001  004.962  0000011
1014.02  000.034  0000000  000.544  0000003  004.966  0000009
1015.02  000.033  0000000  000.546  0000002  004.970  0000009
1016.02  000.033  0000000  000.548  0000003  004.978  0000013
1017.00  000.033  0000000  000.548  0000000  004.979  0000006
1018.02  000.033  0000000  000.548  0000001  004.984  0000010
1019.02  000.033  0000000  000.551  0000003  004.990  0000011
1020.02  000.033  0000000  000.551  0000001  004.991  0000006
1021.02  000.033  0000000  000.551  0000001  004.991  0000005
1022.03  000.033  0000000  000.552  0000001  004.996  0000010
1023.02  000.033  0000000  000.553  0000002  004.999  0000008
1024.02  000.033  0000000  000.553  0000000  004.997  0000003
1025.02  000.033  0000000  000.552  0000000  004.995  0000003
1026.03  000.035  0000002  000.552  0000000  004.997  0000007
1027.03  000.035  0000000  000.552  0000001  004.999  0000007
1028.03  000.035  0000000  000.553  0000001  005.003  0000009
1029.02  000.035  0000000  000.555  0000003  005.009  0000011
1030.02  000.035  0000000  000.555  0000001  005.012  0000008
1031.03  000.035  0000000  000.556  0000001  005.019  0000013
1032.03  000.035  0000000  000.556  0000001  005.022  0000008
1033.03  000.035  0000000  000.556  0000000  005.032  0000015
1034.03  000.035  0000000  000.555  0000000  005.032  0000005
1035.03  000.035  0000000  000.556  0000001  005.038  0000011
1036.03  000.035  0000000  000.556  0000001  005.039  0000007
1037.03  000.035  0000000  000.556  0000001  005.041  0000007
1038.03  000.035  0000000  000.557  0000001  005.045  0000009
1039.05  000.035  0000000  000.557  0000001  005.045  0000005
1040.05  000.035  0000000  000.558  0000001  005.049  0000009
1041.03  000.035  0000000  000.559  0000002  005.056  0000012
1042.03  000.035  0000000  000.559  0000000  005.060  0000010
1043.03  000.035  0000000  000.558  0000000  005.062  0000007
1044.05  000.034  0000000  000.558  0000001  005.062  0000005
1045.05  000.034  0000000  000.558  0000000  005.067  0000010
1046.05  000.034  0000000  000.557  0000000  005.070  0000008
1047.03  000.034  0000000  000.558  0000001  005.072  0000008
1048.05  000.034  0000000  000.559  0000002  005.079  0000012
1049.05  000.034  0000000  000.561  0000003  005.083  0000009
1050.05  000.034  0000000  000.563  0000002  005.087  0000010
1051.05  000.034  0000000  000.563  0000001  005.090  0000008
1052.07  000.034  0000000  000.564  0000001  005.092  0000007
1053.05  000.034  0000000  000.563  0000000  005.096  0000009
1054.05  000.034  0000000  000.563  0000000  005.097  0000006
1055.05  000.035  0000001  000.563  0000001  005.102  0000011
1056.05  000.035  0000000  000.563  0000001  005.107  0000010
1057.07  000.035  0000000  000.568  0000005  005.117  0000016
1058.05  000.035  0000000  000.570  0000003  005.120  0000008
1059.05  000.035  0000000  000.570  0000001  005.127  0000013
1060.05  000.035  0000000  000.571  0000001  005.133  0000011
1061.07  000.035  0000000  000.570  0000000  005.139  0000012
1062.07  000.035  0000000  000.572  0000002  005.143  0000009
1063.07  000.035  0000000  000.572  0000001  005.145  0000007
1064.05  000.035  0000000  000.574  0000003  005.157  0000018
1065.07  000.035  0000000  000.575  0000001  005.163  0000012
1066.07  000.035  0000000  000.574  0000000  005.167  0000009
1067.07  000.035  0000000  000.574  0000001  005.168  0000007
1068.07  000.035  0000000  000.574  0000000  005.167  0000004
1069.07  000.035  0000000  000.574  0000001  005.169  0000007
1070.07  000.035  0000000  000.574  0000000  005.168  0000004
1071.07  000.035  0000000  000.574  0000001  005.171  0000008
1072.07  000.035  0000000  000.575  0000001  005.173  0000008
1073.07  000.034  0000000  000.577  0000003  005.180  0000012
1074.08  000.034  0000000  000.582  0000006  005.190  0000017
1075.08  000.034  0000000  000.583  0000002  005.195  0000010
1076.07  000.034  0000000  000.583  0000000  005.197  0000007
1077.07  000.034  0000000  000.583  0000001  005.197  0000006
1078.08  000.034  0000000  000.583  0000000  005.199  0000007
1079.08  000.034  0000000  000.582  0000000  005.198  0000004
1080.08  000.034  0000000  000.581  0000000  005.193  0000000
1081.08  000.034  0000000  000.581  0000000  005.195  0000007
1082.07  000.034  0000000  000.581  0000001  005.199  0000010
1083.08  000.034  0000000  000.582  0000001  005.202  0000008
1084.08  000.034  0000000  000.581  0000000  005.206  0000010
1085.08  000.034  0000000  000.581  0000000  005.208  0000007
1086.08  000.034  0000000  000.582  0000002  005.210  0000007
Group 4 Stopped 8/12/2019  09:30:40
 
Count Summary
C:\RaDeCC\Data\RaDeCC.sum
Runtime  CPM219   Cnt219  CPM220   Cnt220  CPMTot   CntTot
1086.23  000.034  000037  000.582  000632  005.210  005659
System Number 4
(219:Delay= 0.01 Window= 5.6)(220:Delay= 5.61 Window= 600)
Eff Last Updated  15Jan13  219= Uset  220= Uset  Tot= Uset

