C:\Documents and Settings\RaDeCC user 1\Desktop\ICY-LAB\Stds\dino-blank-170808.txt
Start Time 08/08/2017  10:18:41
Runtime  CPM219   Cnt219   CPM220   Cnt220   CPMTot   CntTot
0010.00  000.000  0000000  000.000  0000000  000.400  0000004
0019.98  000.000  0000000  000.000  0000000  000.450  0000005
0029.98  000.000  0000000  000.000  0000000  000.334  0000001
0039.98  000.000  0000000  000.000  0000000  000.250  0000000
0049.98  000.000  0000000  000.000  0000000  000.260  0000003
0059.98  000.000  0000000  000.017  0000001  000.283  0000004
0070.00  000.000  0000000  000.014  0000000  000.300  0000004
0080.00  000.000  0000000  000.025  0000001  000.313  0000004
0090.00  000.000  0000000  000.022  0000000  000.322  0000004
0100.00  000.000  0000000  000.020  0000000  000.300  0000001
0110.00  000.000  0000000  000.018  0000000  000.291  0000002
0120.00  000.000  0000000  000.017  0000000  000.308  0000005
0130.00  000.000  0000000  000.015  0000000  000.323  0000005
0140.00  000.000  0000000  000.021  0000001  000.364  0000009
0150.00  000.000  0000000  000.020  0000000  000.360  0000003
0160.00  000.000  0000000  000.019  0000000  000.350  0000002
0170.00  000.000  0000000  000.018  0000000  000.347  0000003
0180.00  000.000  0000000  000.017  0000000  000.339  0000002
0190.00  000.000  0000000  000.016  0000000  000.337  0000003
0200.00  000.000  0000000  000.015  0000000  000.330  0000002
0210.00  000.000  0000000  000.014  0000000  000.319  0000001
Group 2 Stopped 08/08/2017  13:58:02
 
Count Summary
C:\RaDeCC\Data\RaDeCC.sum
Runtime  CPM219   Cnt219  CPM220   Cnt220  CPMTot   CntTot
0219.35  000.000  000000  000.018  000004  000.328  000072
System Number 2
(219:Delay= 0.01 Window= 5.6)(220:Delay= 5.61 Window= 600)
Eff Last Updated  15Jan13  219= Uset  220= Uset  Tot= Uset

