C:\Documents and Settings\RaDeCC user 1\Desktop\ICY-LAB\StdTh-170706-dino.txt
Start Time 06/07/2017  18:29:58
Runtime  CPM219   Cnt219   CPM220   Cnt220   CPMTot   CntTot
0010.00  000.200  0000002  005.200  0000052  012.100  0000121
0020.00  000.100  0000000  005.350  0000055  012.550  0000130
0030.00  000.067  0000000  005.467  0000057  012.300  0000118
0040.00  000.100  0000002  005.425  0000053  011.950  0000109
0050.00  000.140  0000003  005.640  0000065  012.540  0000149
0060.00  000.117  0000000  005.750  0000063  012.783  0000140
0070.00  000.114  0000001  005.714  0000055  012.657  0000119
0080.00  000.125  0000002  005.613  0000049  012.625  0000124
0090.00  000.144  0000003  005.722  0000066  012.811  0000143
0100.00  000.140  0000001  005.690  0000054  012.760  0000123
0110.00  000.127  0000000  005.591  0000046  012.645  0000115
0120.00  000.117  0000000  005.633  0000061  012.758  0000140
0130.00  000.115  0000001  005.608  0000053  012.769  0000129
0140.00  000.107  0000000  005.571  0000051  012.714  0000120
0150.00  000.107  0000001  005.553  0000053  012.700  0000125
0160.00  000.106  0000001  005.494  0000046  012.606  0000112
0170.00  000.100  0000000  005.424  0000043  012.506  0000109
0180.00  000.106  0000002  005.389  0000048  012.572  0000137
0190.00  000.105  0000001  005.321  0000041  012.532  0000118
0200.00  000.105  0000001  005.280  0000045  012.540  0000127
0210.00  000.100  0000000  005.143  0000024  012.319  0000079
Group 2 Stopped 06/07/2017  22:01:16
 
Count Summary
C:\RaDeCC\Data\RaDeCC.sum
Runtime  CPM219   Cnt219  CPM220   Cnt220  CPMTot   CntTot
0211.30  000.099  000021  005.121  001082  012.291  002597
System Number 2
(219:Delay= 0.01 Window= 5.6)(220:Delay= 5.61 Window= 600)
Eff Last Updated  15Jan13  219= Uset  220= Uset  Tot= Uset

